[NaN, NaN, NaN, NaN]
[NaN, NaN, NaN, NaN]
[NaN, NaN, NaN, NaN]
[NaN, NaN, NaN, NaN]
[NaN, NaN, NaN, NaN]
[NaN, NaN, NaN, NaN]
[NaN, NaN, NaN, NaN]
[NaN, NaN, NaN, NaN]
[NaN, NaN, NaN, NaN]
[NaN, NaN, NaN, NaN]
[NaN, NaN, NaN, NaN]
[NaN, NaN, NaN, NaN]
[NaN, NaN, NaN, NaN]
[NaN, NaN, NaN, NaN]
[NaN, NaN, NaN, NaN]
[NaN, NaN, NaN, NaN]
[NaN, NaN, NaN, NaN]
[NaN, NaN, NaN, NaN]
[NaN, NaN, NaN, NaN]
[NaN, NaN, NaN, NaN]
[NaN, NaN, NaN, NaN]
[0.53125, 0.06944444444444445, 0, 1.4697033293404356]
[0.53125, 0.06944444444444445, 0, 1.6498629726830614]
[0.53125, 0.06944444444444445, 0, 2.4138255774932134]
[0.53125, 0.06944444444444445, 0, 2.800352120559948]
[0.53125, 0.06944444444444445, 0, 2.82540208112323]
[0.53125, 0.06944444444444445, 0, 1.8493529528433246]
[NaN, NaN, NaN, NaN]
[NaN, NaN, NaN, NaN]
[NaN, NaN, NaN, NaN]
[0.5125, 0.09722222222222222, 0, 2.5302661271847575]
[0.5125, 0.09722222222222222, 0, 2.466601456601405]
[0.5125, 0.09722222222222222, 0, 2.454644830788023]
[0.5125, 0.09722222222222222, 0, 2.9706911507305165]
[0.528125, 0.125, 0, 2.233427447720731]
[0.528125, 0.125, 0, 2.668866175829813]
[NaN, NaN, NaN, NaN]
[0.55625, 0.1527777777777778, 0, 2.7934670115703684]
[0.571875, 0.1527777777777778, 0, 2.8143122002597485]
[0.571875, 0.1527777777777778, 0, 2.3067207480251923]
[0.5875, 0.18055555555555555, 0, 2.2664190850531334]
[0.5875, 0.18055555555555555, 0, 2.514814452364436]
[0.5875, 0.18055555555555555, 0, 2.3556608588808055]
[0.571875, 0.18055555555555555, 0, 3.045568354123433]
[0.571875, 0.18055555555555555, 0, 2.570000787575894]
[0.55625, 0.20833333333333334, 0, 2.53440052785607]
[0.54375, 0.20833333333333334, 0, 2.4848055118244474]
[0.54375, 0.20833333333333334, 0, 2.5073893188011898]
[0.528125, 0.20833333333333334, 0, 2.483433885444255]
[0.528125, 0.20833333333333334, 0, 2.675243256713073]
[0.528125, 0.2361111111111111, 0, 2.510957219718567]
[0.528125, 0.2361111111111111, 0, 2.441596900743563]
[0.528125, 0.2361111111111111, 0, 2.8078694763928467]
[0.53125, 0.24722222222222223, 0, 3.0552335705266964]
[0.528125, 0.2638888888888889, 0, 2.864209290376811]
[0.53125, 0.24722222222222223, 0, 2.906888703841828]
[0.54375, 0.2916666666666667, 0, 2.8890714813131537]
[0.54375, 0.2638888888888889, 0, 2.775202969152448]
[0.54375, 0.2638888888888889, 0, 2.7146397598372896]
[0.54375, 0.2916666666666667, 0, 2.7593503800392445]
[0.54375, 0.2916666666666667, 0, 2.476188646040229]
[0.54375, 0.2916666666666667, 0, 2.456222285617418]
[0.54375, 0.2916666666666667, 0, 2.765214979754757]
[0.54375, 0.2916666666666667, 0, 2.5686063314439593]
[0.54375, 0.2916666666666667, 0, 2.3538473401390667]
[0.528125, 0.2916666666666667, 0, 2.7976805380827927]
[0.528125, 0.2916666666666667, 0, 2.644264180912777]
[0.528125, 0.2916666666666667, 0, 2.704948131111605]
[0.528125, 0.3194444444444444, 0, 2.499849718853878]
[0.5125, 0.3194444444444444, 0, 2.7533293038781137]
[0.5125, 0.3194444444444444, 0, 2.622977840714524]
[0.5125, 0.3194444444444444, 0, 2.7065425336050986]
[0.5125, 0.3194444444444444, 0, 2.472139876949683]
[0.5125, 0.3194444444444444, 0, 2.377194724843903]
[0.5125, 0.3194444444444444, 0, 2.5779545253661964]
[0.5125, 0.3194444444444444, 0, 2.606327066345097]
[NaN, NaN, NaN, NaN]
[0.5125, 0.3194444444444444, 0, 2.227421521235083]
[0.5125, 0.2916666666666667, 0, 2.3129527534749896]
[NaN, NaN, NaN, NaN]
[NaN, NaN, NaN, NaN]
[0.496875, 0.2916666666666667, 0, 2.570082239299112]
[NaN, NaN, NaN, NaN]
[NaN, NaN, NaN, NaN]
[NaN, NaN, NaN, NaN]
[0.48125, 0.24722222222222223, 0, 1.2735535279829673]
[0.48125, 0.24722222222222223, 0, 1.436181293669092]
[0.478125, 0.2916666666666667, 0, 2.7023474730680985]
[0.478125, 0.2916666666666667, 0, 2.8205701547764703]
[0.478125, 0.2916666666666667, 0, 2.5254307464911663]
[0.4625, 0.2916666666666667, 0, 2.959169459675254]
[0.4625, 0.2916666666666667, 0, 3.2996193827576694]
[0.4625, 0.2916666666666667, 0, 2.8927297621864576]
[0.4625, 0.2916666666666667, 0, 2.8895885087882043]
[0.4625, 0.2916666666666667, 0, 2.8384713804507267]
[0.446875, 0.2916666666666667, 0, 2.4262882143223816]
[0.446875, 0.2638888888888889, 0, 2.5757588801539972]
[0.446875, 0.2638888888888889, 0, 3.0544564117229864]
[0.446875, 0.2638888888888889, 0, 2.7126209923618414]
[0.43125, 0.2638888888888889, 0, 2.762415177912527]
[0.43125, 0.2916666666666667, 0, 2.829030662445923]
[0.43125, 0.2638888888888889, 0, 3.014142216021016]
[0.43125, 0.2638888888888889, 0, 2.8189877857415166]
[0.43125, 0.2638888888888889, 0, 2.9501524330432183]
[0.43125, 0.2916666666666667, 0, 2.675407252946505]
[0.446875, 0.2916666666666667, 0, 3.1442683987958535]
[0.446875, 0.2638888888888889, 0, 2.916654096250389]
[0.4625, 0.2916666666666667, 0, 2.837249714330644]
[0.4625, 0.2638888888888889, 0, 2.996621574690086]
[0.478125, 0.2916666666666667, 0, 2.799771061399472]
[0.478125, 0.2916666666666667, 0, 2.950078733498392]
[0.478125, 0.2638888888888889, 0, 3.0397757006049]
[0.48125, 0.24722222222222223, 0, 2.704077327598852]
[0.48125, 0.24722222222222223, 0, 2.305382243337787]
[0.48125, 0.24722222222222223, 0, 2.100335089178403]
[0.48125, 0.24722222222222223, 0, 2.1635703435752096]
[0.48125, 0.24722222222222223, 0, 2.1610752098102886]
[0.48125, 0.24722222222222223, 0, 1.714255052078969]
[0.48125, 0.24722222222222223, 0, 1.4943254064033424]
[0.496875, 0.2916666666666667, 0, 2.916209576901484]
[0.496875, 0.2916666666666667, 0, 2.851989173711713]
[0.496875, 0.2916666666666667, 0, 2.4784007574937372]
[0.5125, 0.2916666666666667, 0, 2.7017295414684996]
[NaN, NaN, NaN, NaN]
[NaN, NaN, NaN, NaN]
[NaN, NaN, NaN, NaN]
[NaN, NaN, NaN, NaN]
[NaN, NaN, NaN, NaN]
[NaN, NaN, NaN, NaN]
[NaN, NaN, NaN, NaN]
[NaN, NaN, NaN, NaN]
[0.4625, 0.3194444444444444, 0, 2.4077309882237707]
[0.446875, 0.3194444444444444, 0, 2.0087321836645664]
[0.43125, 0.3194444444444444, 0, 2.0365894864791607]
[NaN, NaN, NaN, NaN]
[NaN, NaN, NaN, NaN]
[NaN, NaN, NaN, NaN]
[NaN, NaN, NaN, NaN]
[NaN, NaN, NaN, NaN]
[NaN, NaN, NaN, NaN]
[NaN, NaN, NaN, NaN]
[NaN, NaN, NaN, NaN]
[NaN, NaN, NaN, NaN]
[0.48125, 0.425, 0, 1.5852493986482272]
[0.48125, 0.425, 0, 1.6974363632144354]
[0.48125, 0.425, 0, 1.8624119792743594]
[0.453125, 0.41944444444444445, 0, 1.8345329584268881]
[0.453125, 0.41944444444444445, 0, 2.6001154568915408]
[0.453125, 0.41944444444444445, 0, 2.7040338113124442]
[0.453125, 0.41944444444444445, 0, 2.620310537898936]
[0.453125, 0.41944444444444445, 0, 2.741571562711673]
[0.453125, 0.44722222222222224, 0, 2.519792944370725]
[0.453125, 0.41944444444444445, 0, 2.648997178198443]
[0.453125, 0.44722222222222224, 0, 2.437586650086836]
[NaN, NaN, NaN, NaN]
[0.48125, 0.44722222222222224, 0, 2.727519460141963]
[0.48125, 0.44722222222222224, 0, 2.4855295006882074]
[0.48125, 0.425, 0, 2.2893945731896688]
[0.496875, 0.475, 0, 2.528847680425626]
[0.496875, 0.475, 0, 2.3983568278363494]
[0.496875, 0.475, 0, 2.417053220839436]
[0.48125, 0.475, 0, 2.663504979050952]
[0.48125, 0.475, 0, 2.8789708585296685]
[0.496875, 0.475, 0, 2.641451032428577]
[NaN, NaN, NaN, NaN]
[0.496875, 0.475, 0, 2.6700797384457062]
[0.48125, 0.5027777777777778, 0, 2.4521714330204984]
[NaN, NaN, NaN, NaN]
[0.48125, 0.5027777777777778, 0, 2.580232951487376]
[NaN, NaN, NaN, NaN]
[NaN, NaN, NaN, NaN]
[0.48125, 0.5027777777777778, 0, 2.8709490276502247]
[NaN, NaN, NaN, NaN]
[NaN, NaN, NaN, NaN]
[NaN, NaN, NaN, NaN]
[NaN, NaN, NaN, NaN]
[NaN, NaN, NaN, NaN]
[NaN, NaN, NaN, NaN]
[NaN, NaN, NaN, NaN]
[NaN, NaN, NaN, NaN]
[NaN, NaN, NaN, NaN]
[NaN, NaN, NaN, NaN]
[NaN, NaN, NaN, NaN]
[NaN, NaN, NaN, NaN]
[NaN, NaN, NaN, NaN]
[NaN, NaN, NaN, NaN]
[NaN, NaN, NaN, NaN]
[NaN, NaN, NaN, NaN]
[NaN, NaN, NaN, NaN]
[NaN, NaN, NaN, NaN]
[NaN, NaN, NaN, NaN]
[NaN, NaN, NaN, NaN]
[NaN, NaN, NaN, NaN]
[NaN, NaN, NaN, NaN]
[NaN, NaN, NaN, NaN]
[NaN, NaN, NaN, NaN]
[NaN, NaN, NaN, NaN]
[NaN, NaN, NaN, NaN]
[NaN, NaN, NaN, NaN]
[NaN, NaN, NaN, NaN]
[NaN, NaN, NaN, NaN]
[NaN, NaN, NaN, NaN]
[NaN, NaN, NaN, NaN]
[NaN, NaN, NaN, NaN]
[NaN, NaN, NaN, NaN]
[NaN, NaN, NaN, NaN]
[NaN, NaN, NaN, NaN]
[NaN, NaN, NaN, NaN]
[NaN, NaN, NaN, NaN]
[NaN, NaN, NaN, NaN]
[NaN, NaN, NaN, NaN]
[NaN, NaN, NaN, NaN]
[NaN, NaN, NaN, NaN]
[NaN, NaN, NaN, NaN]
[NaN, NaN, NaN, NaN]
[NaN, NaN, NaN, NaN]
[NaN, NaN, NaN, NaN]
[NaN, NaN, NaN, NaN]
[NaN, NaN, NaN, NaN]
[NaN, NaN, NaN, NaN]
[NaN, NaN, NaN, NaN]
[NaN, NaN, NaN, NaN]
[NaN, NaN, NaN, NaN]
[0.03125, 0.125, 0, 1.125172289763132]
[NaN, NaN, NaN, NaN]
[NaN, NaN, NaN, NaN]
[NaN, NaN, NaN, NaN]
[NaN, NaN, NaN, NaN]
[NaN, NaN, NaN, NaN]
[NaN, NaN, NaN, NaN]
[NaN, NaN, NaN, NaN]
[NaN, NaN, NaN, NaN]
[NaN, NaN, NaN, NaN]
[0.33125, 0.475, 0, 2.1314899699261374]
[0.33125, 0.425, 0, 1.567426178809319]
[0.33125, 0.425, 0, 1.8389065883103017]
[0.33125, 0.425, 0, 1.662969851640579]
[0.33125, 0.425, 0, 1.9871063161118017]
[0.33125, 0.425, 0, 1.970242832766793]
[0.33125, 0.39166666666666666, 0, 2.1608470486338143]
[0.33125, 0.39166666666666666, 0, 2.756151679779237]
[NaN, NaN, NaN, NaN]
[NaN, NaN, NaN, NaN]
[NaN, NaN, NaN, NaN]
[0.35, 0.3194444444444444, 0, 2.6365257692309343]
[0.365625, 0.3194444444444444, 0, 2.4693449844162467]
[0.38125, 0.24722222222222223, 0, 1.656210129419992]
[0.384375, 0.2638888888888889, 0, 2.805045953839215]
[0.38125, 0.24722222222222223, 0, 3.022862264251654]
[0.4, 0.2361111111111111, 0, 3.1475719157289124]
[NaN, NaN, NaN, NaN]
[0.415625, 0.20833333333333334, 0, 3.40001728336609]
[0.421875, 0.20833333333333334, 0, 3.4604431338582313]
[0.4375, 0.20833333333333334, 0, 3.5975106459404205]
[0.453125, 0.20833333333333334, 0, 2.8093752262463023]
[0.453125, 0.18055555555555555, 0, 3.2838996475968862]
[0.453125, 0.18055555555555555, 0, 3.2948116822160802]
[0.453125, 0.1527777777777778, 0, 2.65467837868324]
[0.453125, 0.125, 0, 2.835760698212874]
[0.446875, 0.125, 0, 2.9885516470277618]
[0.4375, 0.125, 0, 3.0498821967120233]
[0.4375, 0.125, 0, 2.902343557667078]
[0.4375, 0.125, 0, 2.448362282010696]
[0.43125, 0.06944444444444445, 0, 1.7423964163728314]
[0.43125, 0.06944444444444445, 0, 2.1475707308105614]
[0.415625, 0.09722222222222222, 0, 2.5814724056326552]
[NaN, NaN, NaN, NaN]
[NaN, NaN, NaN, NaN]
[NaN, NaN, NaN, NaN]
[NaN, NaN, NaN, NaN]
[NaN, NaN, NaN, NaN]
[NaN, NaN, NaN, NaN]
[NaN, NaN, NaN, NaN]
[NaN, NaN, NaN, NaN]
[NaN, NaN, NaN, NaN]
[NaN, NaN, NaN, NaN]
[NaN, NaN, NaN, NaN]
[NaN, NaN, NaN, NaN]
[NaN, NaN, NaN, NaN]
[NaN, NaN, NaN, NaN]
[NaN, NaN, NaN, NaN]
[NaN, NaN, NaN, NaN]
[NaN, NaN, NaN, NaN]
[NaN, NaN, NaN, NaN]
[NaN, NaN, NaN, NaN]
[NaN, NaN, NaN, NaN]
[NaN, NaN, NaN, NaN]
[NaN, NaN, NaN, NaN]
[NaN, NaN, NaN, NaN]
[NaN, NaN, NaN, NaN]
[NaN, NaN, NaN, NaN]
[NaN, NaN, NaN, NaN]
[NaN, NaN, NaN, NaN]
[NaN, NaN, NaN, NaN]
[NaN, NaN, NaN, NaN]
[NaN, NaN, NaN, NaN]
[NaN, NaN, NaN, NaN]
[NaN, NaN, NaN, NaN]
[NaN, NaN, NaN, NaN]
[NaN, NaN, NaN, NaN]
[NaN, NaN, NaN, NaN]
