[0.415625, 0.3013888888888889, 0, 2.0023183061236045]
[0.4640625, 0.4013888888888889, 0, 4.178814505071682]
[0.4171875, 0.14583333333333334, 0, 3.7549797859917957]
[0.415625, 0.2013888888888889, 0, 3.5335370910306976]
[0.38125, 0.06944444444444445, 0, 2.506633503904764]
[0.496875, 0.18055555555555555, 0, 3.808931355199106]
[0.0625, 0.41944444444444445, 0, 2.383203922840508]
[0.078125, 0.5027777777777778, 0, 1.6085138135994594]
[0.33125, 0.06944444444444445, 0, 2.4237373353355105]
[0.63125, 0.09722222222222222, 0, 1.7320179851514965]
[0.23125, 0.24722222222222223, 0, 1.1762475765233804]
[0.5875, 0.1527777777777778, 0, 1.6925403403758186]
[0.603125, 0.18055555555555555, 0, 1.5738680164713201]
