[0.625, 0.2916666666666667, 0, 2.5066299999491006]
[0.625, 0.2916666666666667, 0, 2.4439122738016255]
[0.625, 0.2916666666666667, 0, 2.6369823735613425]
[0.625, 0.2916666666666667, 0, 2.5219427631596996]
[0.625, 0.2916666666666667, 0, 2.384836101252189]
[0.625, 0.2638888888888889, 0, 2.040551440236868]
[0.625, 0.2638888888888889, 0, 1.983929598176234]
[0.625, 0.2638888888888889, 0, 1.8517518694532054]
[0.625, 0.2638888888888889, 0, 1.7458647735240518]
[0.625, 0.2638888888888889, 0, 1.6594150110894068]
[0.625, 0.2638888888888889, 0, 1.7853105919155057]
[0.625, 0.2638888888888889, 0, 2.3606778814169194]
[0.625, 0.2638888888888889, 0, 2.40835985207778]
[0.625, 0.2638888888888889, 0, 2.5905458352244772]
[0.625, 0.2638888888888889, 0, 2.7039494784961002]
[0.63125, 0.24722222222222223, 0, 2.5454588672608947]
[0.625, 0.2638888888888889, 0, 2.691727515151416]
[0.63125, 0.24722222222222223, 0, 2.4810688324413777]
[0.63125, 0.24722222222222223, 0, 2.4303898403029556]
[0.63125, 0.24722222222222223, 0, 2.4012732500935483]
[0.63125, 0.24722222222222223, 0, 2.139569176744773]
[0.63125, 0.24722222222222223, 0, 2.243414826219028]
[0.625, 0.2638888888888889, 0, 2.3706256263239043]
[0.625, 0.2638888888888889, 0, 2.3515693475028043]
[0.63125, 0.24722222222222223, 0, 2.31637046611543]
[0.63125, 0.24722222222222223, 0, 2.3413633080177414]
[0.63125, 0.24722222222222223, 0, 2.28288647632392]
[0.63125, 0.24722222222222223, 0, 2.591794646287269]
[0.63125, 0.24722222222222223, 0, 2.3400999793783024]
[0.63125, 0.24722222222222223, 0, 1.9526488618762763]
[0.63125, 0.24722222222222223, 0, 1.7750682320474562]
[0.63125, 0.24722222222222223, 0, 1.7905519314584144]
[0.63125, 0.24722222222222223, 0, 1.7409427357444909]
[0.63125, 0.24722222222222223, 0, 1.4103369394161749]
[NaN, NaN, NaN, NaN]
[NaN, NaN, NaN, NaN]
[NaN, NaN, NaN, NaN]
[0.63125, 0.18055555555555555, 0, 1.8701829570699553]
[0.63125, 0.18055555555555555, 0, 2.147517126019177]
[NaN, NaN, NaN, NaN]
[0.603125, 0.18055555555555555, 0, 1.829161589626289]
[0.603125, 0.18055555555555555, 0, 2.652161879834036]
[0.5875, 0.1527777777777778, 0, 2.599419690452134]
[0.55625, 0.1527777777777778, 0, 2.2660154221211264]
[0.528125, 0.125, 0, 2.2096924641197333]
[0.5125, 0.125, 0, 2.7507584194315555]
[0.496875, 0.125, 0, 2.798938083438183]
[0.48125, 0.06944444444444445, 0, 1.240407949226266]
[NaN, NaN, NaN, NaN]
[NaN, NaN, NaN, NaN]
[0.4375, 0.09722222222222222, 0, 2.7035829394181086]
[0.4375, 0.09722222222222222, 0, 2.9054830342748126]
[0.4375, 0.09722222222222222, 0, 2.9631208460081444]
[0.4375, 0.09722222222222222, 0, 3.094273508712606]
[0.4375, 0.06944444444444445, 0, 3.1010965308152216]
[0.43125, 0.06944444444444445, 0, 3.1081391704647037]
[0.43125, 0.06944444444444445, 0, 3.051796274769048]
[0.43125, 0.06944444444444445, 0, 2.905661007379012]
[0.43125, 0.06944444444444445, 0, 2.946599147266075]
[0.43125, 0.06944444444444445, 0, 2.8854699479756274]
[0.43125, 0.06944444444444445, 0, 2.569016260366594]
[0.43125, 0.06944444444444445, 0, 2.2395744504704753]
[0.43125, 0.06944444444444445, 0, 1.4938338335296695]
[0.43125, 0.06944444444444445, 0, 1.1421775754729173]
[NaN, NaN, NaN, NaN]
[NaN, NaN, NaN, NaN]
[NaN, NaN, NaN, NaN]
[NaN, NaN, NaN, NaN]
[NaN, NaN, NaN, NaN]
[NaN, NaN, NaN, NaN]
[NaN, NaN, NaN, NaN]
[NaN, NaN, NaN, NaN]
[NaN, NaN, NaN, NaN]
[NaN, NaN, NaN, NaN]
[0.40625, 0.06944444444444445, 0, 2.433167671890988]
[0.40625, 0.09722222222222222, 0, 2.725568393991976]
[NaN, NaN, NaN, NaN]
[NaN, NaN, NaN, NaN]
[0.40625, 0.125, 0, 2.7173875958391154]
[0.40625, 0.125, 0, 2.653004826809941]
[0.40625, 0.125, 0, 2.771563779117418]
[0.40625, 0.125, 0, 2.646123104114203]
[0.40625, 0.1527777777777778, 0, 2.627515379293871]
[0.40625, 0.1527777777777778, 0, 2.130822317106902]
[0.40625, 0.1527777777777778, 0, 2.2187702735629666]
[0.40625, 0.1527777777777778, 0, 2.4393613220718553]
[0.40625, 0.1527777777777778, 0, 2.350500116321703]
[0.40625, 0.18055555555555555, 0, 2.309037537914748]
[NaN, NaN, NaN, NaN]
[NaN, NaN, NaN, NaN]
[NaN, NaN, NaN, NaN]
[NaN, NaN, NaN, NaN]
[NaN, NaN, NaN, NaN]
[NaN, NaN, NaN, NaN]
[NaN, NaN, NaN, NaN]
[NaN, NaN, NaN, NaN]
[0.4, 0.2361111111111111, 0, 2.6368260568550417]
[0.4, 0.2638888888888889, 0, 2.6191338676522724]
[0.4, 0.2361111111111111, 0, 2.5844114300589527]
[0.4, 0.2638888888888889, 0, 2.516327616150347]
[0.415625, 0.2638888888888889, 0, 2.588132910601973]
[0.415625, 0.2638888888888889, 0, 2.5874989789369343]
[0.415625, 0.2916666666666667, 0, 2.4070188348058963]
[0.415625, 0.2916666666666667, 0, 2.4636107182312035]
[0.415625, 0.2916666666666667, 0, 2.0789967072125735]
[0.415625, 0.2916666666666667, 0, 2.4749255666630847]
[0.415625, 0.2916666666666667, 0, 2.5297758123477463]
[0.415625, 0.3194444444444444, 0, 2.738392217853812]
[0.415625, 0.3194444444444444, 0, 2.347508503131353]
[0.43125, 0.3194444444444444, 0, 2.167119814407775]
[0.43125, 0.3194444444444444, 0, 2.4743401948991997]
[0.4375, 0.33611111111111114, 0, 2.3718447770232873]
[0.4375, 0.33611111111111114, 0, 2.4283092746798096]
[0.446875, 0.3194444444444444, 0, 2.57979821117104]
[0.446875, 0.3194444444444444, 0, 2.7671198260214322]
[0.446875, 0.3472222222222222, 0, 3.0316229972017448]
[0.446875, 0.3472222222222222, 0, 2.522085601480875]
[0.4625, 0.3472222222222222, 0, 2.303755234029288]
[0.4625, 0.3472222222222222, 0, 2.416676504053037]
[0.4625, 0.3472222222222222, 0, 2.210958350429433]
[0.478125, 0.3472222222222222, 0, 2.72216583843362]
[NaN, NaN, NaN, NaN]
[0.48125, 0.3638888888888889, 0, 2.5939355187612034]
[0.496875, 0.3638888888888889, 0, 2.0815386670364853]
[0.496875, 0.3638888888888889, 0, 2.166613763573066]
[0.496875, 0.375, 0, 2.027481268526892]
[0.5125, 0.375, 0, 2.292256864252087]
[0.5125, 0.3638888888888889, 0, 2.3122499495076108]
[0.528125, 0.375, 0, 2.846098637103577]
[0.528125, 0.375, 0, 2.5854969200636746]
[0.54375, 0.375, 0, 2.506950387426176]
[0.54375, 0.375, 0, 2.647837036898323]
[0.559375, 0.375, 0, 2.614448730493063]
[0.559375, 0.375, 0, 2.7740135826433536]
[0.575, 0.3472222222222222, 0, 2.7249314872196067]
[0.575, 0.375, 0, 2.830387009772604]
[0.575, 0.375, 0, 2.4783883924041397]
[0.575, 0.375, 0, 2.320001807821221]
[0.590625, 0.3472222222222222, 0, 2.2131682777419237]
[0.5875, 0.3638888888888889, 0, 2.358586324127362]
[0.5875, 0.3638888888888889, 0, 2.5025745757747586]
[0.575, 0.3472222222222222, 0, 2.881572673938973]
[0.559375, 0.3472222222222222, 0, 2.773951846574645]
[0.528125, 0.3472222222222222, 0, 2.824345469423022]
[NaN, NaN, NaN, NaN]
[0.4625, 0.3472222222222222, 0, 2.9015218008553183]
[0.43125, 0.3194444444444444, 0, 2.7500700897763153]
[0.415625, 0.3194444444444444, 0, 2.6654597358734993]
[NaN, NaN, NaN, NaN]
[0.365625, 0.3472222222222222, 0, 2.918072225298417]
[0.35, 0.3472222222222222, 0, 2.9345060668386944]
[0.346875, 0.33611111111111114, 0, 2.8750646306487084]
[0.334375, 0.3472222222222222, 0, 2.4636940143526167]
[0.334375, 0.3472222222222222, 0, 2.6604992884585865]
[0.334375, 0.3472222222222222, 0, 2.548747339521287]
[0.334375, 0.3194444444444444, 0, 2.6676065084523026]
[0.334375, 0.3194444444444444, 0, 2.771001762525857]
[0.334375, 0.3194444444444444, 0, 2.650629970225159]
[0.334375, 0.3194444444444444, 0, 2.551189301537109]
[0.334375, 0.3194444444444444, 0, 2.603729566585059]
[0.334375, 0.2916666666666667, 0, 2.3712507451009377]
[0.334375, 0.2916666666666667, 0, 2.2954229504256634]
[0.334375, 0.2916666666666667, 0, 2.2866880946715638]
[0.334375, 0.2916666666666667, 0, 2.297495886819163]
[0.334375, 0.2638888888888889, 0, 2.481195893930255]
[0.334375, 0.2638888888888889, 0, 2.383023484665764]
[0.334375, 0.2638888888888889, 0, 2.41853000617996]
[0.33125, 0.24722222222222223, 0, 2.417494572032849]
[0.33125, 0.24722222222222223, 0, 2.9666292791249047]
[0.334375, 0.2361111111111111, 0, 2.8687472579739297]
[0.334375, 0.20833333333333334, 0, 2.742038331843031]
[0.33125, 0.24722222222222223, 0, 2.2728599758314907]
[0.33125, 0.24722222222222223, 0, 1.9933426485497943]
[0.33125, 0.24722222222222223, 0, 1.757499784656521]
[0.33125, 0.24722222222222223, 0, 1.5749435859865568]
[0.33125, 0.20833333333333334, 0, 2.7687032598443064]
[0.33125, 0.20833333333333334, 0, 2.5609745424998582]
[0.33125, 0.18055555555555555, 0, 2.9538376500390884]
[0.33125, 0.18055555555555555, 0, 2.5758436713764072]
[0.33125, 0.18055555555555555, 0, 2.6029513752000817]
[0.33125, 0.18055555555555555, 0, 2.405534615060944]
[0.33125, 0.18055555555555555, 0, 2.185035886559825]
[0.33125, 0.18055555555555555, 0, 2.1751837514397927]
[0.346875, 0.1527777777777778, 0, 2.4626528744170266]
[0.33125, 0.1527777777777778, 0, 2.3555544217529367]
[0.33125, 0.1527777777777778, 0, 2.739929478837332]
[0.33125, 0.1527777777777778, 0, 2.9222877236607583]
[NaN, NaN, NaN, NaN]
[NaN, NaN, NaN, NaN]
[NaN, NaN, NaN, NaN]
[NaN, NaN, NaN, NaN]
[NaN, NaN, NaN, NaN]
[0.303125, 0.1527777777777778, 0, 2.6090741504735333]
[0.303125, 0.1527777777777778, 0, 2.488759199583247]
[0.303125, 0.1527777777777778, 0, 2.5268340106726033]
[0.303125, 0.1527777777777778, 0, 2.194218398889397]
[0.303125, 0.18055555555555555, 0, 2.040609652324261]
[0.303125, 0.18055555555555555, 0, 2.099445719319881]
[0.303125, 0.18055555555555555, 0, 2.1730835106937665]
[0.2875, 0.1527777777777778, 0, 2.1917836243782185]
[0.2875, 0.1527777777777778, 0, 2.4814313697186012]
[0.2875, 0.18055555555555555, 0, 2.5907932019965543]
[0.2875, 0.18055555555555555, 0, 2.396109298512648]
[0.271875, 0.1527777777777778, 0, 1.8769981506256361]
[0.271875, 0.18055555555555555, 0, 1.906794059763804]
[0.271875, 0.18055555555555555, 0, 2.042196873547019]
[0.271875, 0.18055555555555555, 0, 2.327834449997166]
[0.25625, 0.18055555555555555, 0, 2.6578074664934803]
[NaN, NaN, NaN, NaN]
[NaN, NaN, NaN, NaN]
[NaN, NaN, NaN, NaN]
[0.25625, 0.18055555555555555, 0, 1.9019932829440245]
[0.271875, 0.20833333333333334, 0, 2.130616223134476]
[0.2875, 0.20833333333333334, 0, 2.5306557541943913]
[0.303125, 0.18055555555555555, 0, 2.6797158832726815]
[0.31875, 0.18055555555555555, 0, 2.66580443489912]
[0.33125, 0.18055555555555555, 0, 2.9273972684835474]
[0.346875, 0.18055555555555555, 0, 2.216863236049124]
[0.346875, 0.18055555555555555, 0, 2.2065323805996746]
[0.3625, 0.20833333333333334, 0, 2.1271962719004107]
[0.3625, 0.20833333333333334, 0, 2.086941133998]
[0.346875, 0.20833333333333334, 0, 2.706544745428949]
[0.35, 0.2361111111111111, 0, 2.838290530349537]
[0.346875, 0.2361111111111111, 0, 2.6375528070260565]
[0.35, 0.2638888888888889, 0, 2.258224728808518]
[0.33125, 0.24722222222222223, 0, 2.2404024434988874]
[0.334375, 0.2638888888888889, 0, 2.5233232842148063]
[0.334375, 0.2638888888888889, 0, 2.988827817778983]
[0.31875, 0.2638888888888889, 0, 2.850075763442355]
[0.31875, 0.2638888888888889, 0, 2.712539383920901]
[0.31875, 0.2916666666666667, 0, 3.0527983384845276]
[0.31875, 0.2916666666666667, 0, 2.6808809711313284]
[0.31875, 0.3194444444444444, 0, 2.304412008685056]
[0.303125, 0.3194444444444444, 0, 2.507774839475381]
[0.303125, 0.3194444444444444, 0, 2.679481084811906]
[0.303125, 0.3472222222222222, 0, 2.6261375037419232]
[0.2875, 0.3194444444444444, 0, 2.798601266975823]
[NaN, NaN, NaN, NaN]
[0.2875, 0.3638888888888889, 0, 2.223057253320909]
[0.2875, 0.3638888888888889, 0, 2.1928017970033507]
[0.2875, 0.3638888888888889, 0, 2.1120541083242754]
[0.2875, 0.39166666666666666, 0, 2.303422812273198]
[0.271875, 0.39166666666666666, 0, 2.977273330177593]
[0.271875, 0.39166666666666666, 0, 2.7030150180636907]
[0.271875, 0.41944444444444445, 0, 2.49929641668599]
[0.271875, 0.39166666666666666, 0, 2.2266402541136543]
[0.271875, 0.41944444444444445, 0, 2.1783326876223885]
[0.271875, 0.41944444444444445, 0, 1.798745947492596]
[0.271875, 0.41944444444444445, 0, 2.1470379853083474]
[0.271875, 0.41944444444444445, 0, 2.173853743457121]
[0.271875, 0.39166666666666666, 0, 2.1657965020167826]
[0.2875, 0.41944444444444445, 0, 2.0402432440102585]
[0.2875, 0.41944444444444445, 0, 1.5557465417803094]
[0.2875, 0.39166666666666666, 0, 1.727324883013664]
[0.303125, 0.39166666666666666, 0, 1.943482408886658]
[0.303125, 0.39166666666666666, 0, 2.590551378822042]
[0.303125, 0.375, 0, 2.67294300269527]
[0.303125, 0.375, 0, 2.4260234127699967]
[0.303125, 0.375, 0, 2.5827245896008533]
[0.303125, 0.375, 0, 2.149831056016597]
[0.303125, 0.375, 0, 1.9851838487571427]
[0.31875, 0.375, 0, 1.9633806904042055]
[0.31875, 0.3472222222222222, 0, 2.3154898787958174]
[0.31875, 0.3194444444444444, 0, 2.148060794402325]
[0.334375, 0.3194444444444444, 0, 2.5590081330157415]
[0.35, 0.3194444444444444, 0, 2.2891630087424515]
[0.35, 0.3194444444444444, 0, 2.3850350487369445]
