[0.48125, 0.24722222222222223, 0, 1.5952006734496196]
[0.48125, 0.24722222222222223, 0, 2.153425152678471]
[0.48125, 0.24722222222222223, 0, 2.1359519569116494]
[0.48125, 0.24722222222222223, 0, 1.9942789391346147]
[0.48125, 0.24722222222222223, 0, 1.9574486467947791]
[0.453125, 0.20833333333333334, 0, 2.2096673103273003]
[0.453125, 0.20833333333333334, 0, 2.6966171240722665]
[0.453125, 0.20833333333333334, 0, 2.547939888821975]
[0.446875, 0.2361111111111111, 0, 2.219741844388864]
[0.446875, 0.2638888888888889, 0, 2.5599229988412975]
[0.446875, 0.2638888888888889, 0, 2.273782653927316]
[0.43125, 0.2361111111111111, 0, 2.364511990983184]
[0.43125, 0.24722222222222223, 0, 2.6334395871980982]
[0.415625, 0.2361111111111111, 0, 2.4125548754636394]
[0.415625, 0.2361111111111111, 0, 2.5486806818547114]
[0.415625, 0.2361111111111111, 0, 2.783340013691977]
[0.43125, 0.2638888888888889, 0, 2.2039816433524715]
[0.43125, 0.24722222222222223, 0, 2.53304057301935]
[0.446875, 0.2361111111111111, 0, 2.696234094462788]
[0.4625, 0.2361111111111111, 0, 2.6073496632843933]
[0.48125, 0.24722222222222223, 0, 1.8388930469589237]
[0.5125, 0.2638888888888889, 0, 2.528406853910318]
[0.528125, 0.2361111111111111, 0, 2.351088589753154]
[0.54375, 0.2361111111111111, 0, 2.2926792712339177]
[0.54375, 0.2638888888888889, 0, 2.1630530572116937]
[0.559375, 0.2638888888888889, 0, 2.3918734033707025]
[0.559375, 0.2638888888888889, 0, 2.2318285908086186]
[0.54375, 0.2916666666666667, 0, 2.3874794776510044]
[0.54375, 0.2916666666666667, 0, 2.7285599627306047]
[0.54375, 0.2916666666666667, 0, 2.6810300477501863]
[0.528125, 0.2638888888888889, 0, 2.4338541308878403]
[0.528125, 0.2638888888888889, 0, 2.450935800292552]
[0.528125, 0.3194444444444444, 0, 2.0843086484316844]
[0.528125, 0.3194444444444444, 0, 2.110572772859258]
[0.5125, 0.3194444444444444, 0, 2.4966550702499757]
[0.5125, 0.3194444444444444, 0, 2.4560250115890465]
[0.5125, 0.2916666666666667, 0, 2.018987521881959]
[0.496875, 0.2916666666666667, 0, 2.1656302296306795]
[0.496875, 0.2916666666666667, 0, 2.7057769864368026]
[0.496875, 0.3194444444444444, 0, 2.689793477562656]
[0.496875, 0.3194444444444444, 0, 2.4423973117761775]
[NaN, NaN, NaN, NaN]
[NaN, NaN, NaN, NaN]
[NaN, NaN, NaN, NaN]
[0.478125, 0.3194444444444444, 0, 2.4964200593493335]
[0.4625, 0.3194444444444444, 0, 2.6155416345138693]
[0.4625, 0.3194444444444444, 0, 2.659857243726082]
[0.4625, 0.3194444444444444, 0, 2.219953773241981]
[0.446875, 0.2916666666666667, 0, 2.4397156170036314]
[0.446875, 0.2916666666666667, 0, 2.685322692898968]
[0.446875, 0.3194444444444444, 0, 2.3571996439337517]
[0.446875, 0.3194444444444444, 0, 2.4338207258820557]
[0.43125, 0.3194444444444444, 0, 2.4395055543454087]
[0.43125, 0.2916666666666667, 0, 2.414314166550371]
[0.415625, 0.2916666666666667, 0, 2.945953490960375]
[0.415625, 0.2916666666666667, 0, 2.958290666876953]
[0.415625, 0.3194444444444444, 0, 2.4100471730066335]
[0.415625, 0.3194444444444444, 0, 2.5981577620853384]
[0.415625, 0.3194444444444444, 0, 2.4578511953883626]
[0.4, 0.2916666666666667, 0, 2.089244227205076]
[0.4, 0.2916666666666667, 0, 2.7781910101895306]
[0.415625, 0.2916666666666667, 0, 2.6896605125091]
[0.415625, 0.2916666666666667, 0, 2.7215643932831477]
[0.43125, 0.2916666666666667, 0, 2.602048219232496]
[0.43125, 0.2916666666666667, 0, 2.5317977000508094]
[0.446875, 0.2916666666666667, 0, 2.466762837009564]
[0.4625, 0.2916666666666667, 0, 2.5548882707260057]
[0.478125, 0.2916666666666667, 0, 2.341310279067552]
[NaN, NaN, NaN, NaN]
[0.48125, 0.24722222222222223, 0, 1.1064791548635717]
[0.48125, 0.24722222222222223, 0, 1.5250704312075047]
[0.48125, 0.24722222222222223, 0, 1.4612097620974964]
[0.48125, 0.24722222222222223, 0, 1.2419358353133434]
[0.48125, 0.24722222222222223, 0, 1.4581295782379886]
[0.48125, 0.24722222222222223, 0, 1.346517906074812]
[0.478125, 0.2916666666666667, 0, 2.5496020420781353]
[0.4625, 0.2916666666666667, 0, 3.128436546978545]
[0.4625, 0.2916666666666667, 0, 3.139280341017136]
[0.4625, 0.2916666666666667, 0, 2.8180059531579675]
[0.4625, 0.3194444444444444, 0, 2.498112031670437]
[0.4625, 0.3194444444444444, 0, 2.297865733836618]
[0.446875, 0.2916666666666667, 0, 2.3289661194502953]
[0.446875, 0.2916666666666667, 0, 2.545738961844938]
[0.446875, 0.3194444444444444, 0, 2.432522363661808]
[0.446875, 0.3194444444444444, 0, 2.4922771502799637]
[0.446875, 0.3194444444444444, 0, 2.604306627184009]
[0.446875, 0.3194444444444444, 0, 2.5297919454721045]
[0.446875, 0.3194444444444444, 0, 2.702472784308375]
[0.43125, 0.3194444444444444, 0, 2.5934357357721938]
[0.43125, 0.3194444444444444, 0, 2.712102042324504]
[0.43125, 0.3194444444444444, 0, 2.7157644046528375]
[0.43125, 0.3194444444444444, 0, 2.5040957329062907]
[0.43125, 0.3472222222222222, 0, 2.6226436738752206]
[0.43125, 0.3472222222222222, 0, 2.8048098842580353]
[0.43125, 0.3472222222222222, 0, 2.8802267889244417]
[0.43125, 0.3472222222222222, 0, 2.491345652196554]
[0.415625, 0.3194444444444444, 0, 2.553619132513931]
[NaN, NaN, NaN, NaN]
[NaN, NaN, NaN, NaN]
[NaN, NaN, NaN, NaN]
[NaN, NaN, NaN, NaN]
[NaN, NaN, NaN, NaN]
[NaN, NaN, NaN, NaN]
[NaN, NaN, NaN, NaN]
[NaN, NaN, NaN, NaN]
[NaN, NaN, NaN, NaN]
[NaN, NaN, NaN, NaN]
[NaN, NaN, NaN, NaN]
[0.421875, 0.3638888888888889, 0, 2.386040582917617]
[0.446875, 0.3472222222222222, 0, 2.043179912890706]
[0.4625, 0.3472222222222222, 0, 1.9812251350745609]
[0.496875, 0.3638888888888889, 0, 2.3888118367912736]
[0.528125, 0.3638888888888889, 0, 1.9119774629525208]
[0.54375, 0.375, 0, 2.1444982658063143]
[0.55625, 0.3638888888888889, 0, 2.0741272970704547]
[0.55625, 0.3638888888888889, 0, 2.1346970419214975]
[0.54375, 0.375, 0, 1.7417183920609258]
[0.55625, 0.3638888888888889, 0, 1.4196640700594594]
[NaN, NaN, NaN, NaN]
[NaN, NaN, NaN, NaN]
[NaN, NaN, NaN, NaN]
[0.53125, 0.425, 0, 1.4344655233648014]
[0.528125, 0.39166666666666666, 0, 2.0880586915069608]
[0.528125, 0.39166666666666666, 0, 2.222967894404963]
[0.528125, 0.41944444444444445, 0, 2.7952369135386452]
[0.528125, 0.39166666666666666, 0, 2.301037744572034]
[0.528125, 0.41944444444444445, 0, 2.0109078595172623]
[0.5125, 0.41944444444444445, 0, 1.7821856247187762]
[0.5125, 0.41944444444444445, 0, 2.076141575853123]
[0.5125, 0.41944444444444445, 0, 2.0322514523605055]
[0.5125, 0.41944444444444445, 0, 1.9332576709257017]
[0.5125, 0.41944444444444445, 0, 1.8640504134330225]
[0.496875, 0.39166666666666666, 0, 1.8030458208148088]
[0.496875, 0.41944444444444445, 0, 2.300669398900378]
[0.496875, 0.41944444444444445, 0, 2.304583376811753]
[0.496875, 0.41944444444444445, 0, 2.5455439425767072]
[0.496875, 0.41944444444444445, 0, 2.4885495456731634]
[0.496875, 0.41944444444444445, 0, 2.0325740169802287]
[0.48125, 0.39166666666666666, 0, 1.8944105456451117]
[0.48125, 0.41944444444444445, 0, 2.0070985463734643]
[0.48125, 0.41944444444444445, 0, 2.6461345806402132]
[0.48125, 0.41944444444444445, 0, 2.348337608644424]
[0.48125, 0.41944444444444445, 0, 2.140865450311587]
[0.48125, 0.425, 0, 1.327319025997398]
[NaN, NaN, NaN, NaN]
[NaN, NaN, NaN, NaN]
[NaN, NaN, NaN, NaN]
[NaN, NaN, NaN, NaN]
[NaN, NaN, NaN, NaN]
[NaN, NaN, NaN, NaN]
[NaN, NaN, NaN, NaN]
[0.453125, 0.39166666666666666, 0, 2.4674071135248288]
[0.453125, 0.39166666666666666, 0, 2.375431445151681]
[0.453125, 0.39166666666666666, 0, 1.9132629614046952]
[0.453125, 0.39166666666666666, 0, 1.7660562057223819]
[0.4375, 0.39166666666666666, 0, 2.00029493641262]
[0.4375, 0.39166666666666666, 0, 2.168068573543111]
[0.4375, 0.39166666666666666, 0, 2.3739690715646877]
[0.4375, 0.39166666666666666, 0, 2.8171339842456433]
[0.4375, 0.39166666666666666, 0, 2.606329472156709]
[0.4375, 0.39166666666666666, 0, 2.569737931498459]
[0.43125, 0.425, 0, 1.9821319806294813]
[0.43125, 0.425, 0, 2.0845628695222036]
[0.43125, 0.425, 0, 2.212482465814208]
[0.4375, 0.39166666666666666, 0, 2.2402526567525483]
[0.453125, 0.41944444444444445, 0, 2.0130881826335534]
[NaN, NaN, NaN, NaN]
[0.48125, 0.425, 0, 2.110320461358641]
[0.496875, 0.39166666666666666, 0, 2.2629845660170074]
[0.5125, 0.39166666666666666, 0, 2.139009710777196]
[0.53125, 0.425, 0, 1.9158157718198534]
[0.53125, 0.425, 0, 2.061514403445418]
[0.53125, 0.425, 0, 1.644560371409187]
[0.53125, 0.425, 0, 1.5031303006711583]
[0.53125, 0.425, 0, 2.1924823418319273]
[0.53125, 0.425, 0, 2.581506971158871]
[0.53125, 0.425, 0, 2.439246453058782]
[0.53125, 0.425, 0, 2.5950098056096]
[0.528125, 0.41944444444444445, 0, 2.3952809014814984]
[0.528125, 0.41944444444444445, 0, 2.16437163886603]
[0.528125, 0.41944444444444445, 0, 2.1891246005596288]
[0.5125, 0.41944444444444445, 0, 2.150267772404156]
[0.5125, 0.41944444444444445, 0, 2.5987782912597246]
[0.5125, 0.41944444444444445, 0, 3.017531555095]
[0.5125, 0.41944444444444445, 0, 3.0522585272940552]
[0.5125, 0.41944444444444445, 0, 2.8005915581870235]
[0.5125, 0.41944444444444445, 0, 2.231702597908833]
[0.496875, 0.41944444444444445, 0, 2.3501718194961754]
[0.496875, 0.41944444444444445, 0, 2.640600875932822]
[0.496875, 0.41944444444444445, 0, 2.2936851601506887]
[0.496875, 0.41944444444444445, 0, 2.2230501542594654]
[0.496875, 0.41944444444444445, 0, 2.188413497230707]
[0.48125, 0.41944444444444445, 0, 2.3718043507850055]
[0.48125, 0.41944444444444445, 0, 2.3652434638407067]
[0.48125, 0.41944444444444445, 0, 2.6046860337507622]
[0.48125, 0.41944444444444445, 0, 2.88429008680035]
[0.48125, 0.425, 0, 2.9174675554666916]
[0.48125, 0.41944444444444445, 0, 2.460228799633594]
[0.48125, 0.425, 0, 2.1518445770471515]
[0.48125, 0.425, 0, 1.145972161661539]
[0.48125, 0.425, 0, 1.1569848299827212]
[NaN, NaN, NaN, NaN]
[0.453125, 0.41944444444444445, 0, 1.8798106114287239]
[0.453125, 0.41944444444444445, 0, 2.4902050461223624]
[0.453125, 0.41944444444444445, 0, 2.641662984487678]
[0.453125, 0.41944444444444445, 0, 2.9232161747642826]
[0.453125, 0.41944444444444445, 0, 2.8846630379756326]
[0.453125, 0.41944444444444445, 0, 2.825393156432736]
[0.453125, 0.41944444444444445, 0, 2.656655156103958]
[0.453125, 0.41944444444444445, 0, 2.807779970812284]
[0.4375, 0.41944444444444445, 0, 2.31279400804891]
[0.4375, 0.41944444444444445, 0, 2.766397417980794]
[0.4375, 0.41944444444444445, 0, 2.767462403715893]
[0.4375, 0.44722222222222224, 0, 2.29765489605147]
[0.43125, 0.425, 0, 2.3844822702440096]
