[NaN, NaN, NaN, NaN]
[0.63125, 0.18055555555555555, 0, 2.402960384765337]
[0.63125, 0.18055555555555555, 0, 2.5599825207115354]
[0.63125, 0.18055555555555555, 0, 2.505433767379923]
[0.63125, 0.18055555555555555, 0, 2.655285512424591]
[0.63125, 0.18055555555555555, 0, 2.4443381949712504]
[0.63125, 0.1527777777777778, 0, 2.3236876589724145]
[0.63125, 0.1527777777777778, 0, 2.377645784478028]
[0.63125, 0.1527777777777778, 0, 2.8227017801926997]
[0.63125, 0.1527777777777778, 0, 2.70119238271696]
[0.646875, 0.1527777777777778, 0, 2.6223173487799043]
[0.646875, 0.1527777777777778, 0, 2.395278205531725]
[0.646875, 0.1527777777777778, 0, 2.462270517893684]
[0.646875, 0.1527777777777778, 0, 2.336806198455997]
[0.6625, 0.1527777777777778, 0, 2.082456045081956]
[0.6625, 0.125, 0, 2.1072956010216317]
[0.678125, 0.125, 0, 1.9983676380665314]
[0.678125, 0.125, 0, 2.3744192452999777]
[0.678125, 0.125, 0, 2.269565570985281]
[0.6625, 0.125, 0, 2.1719237877627515]
[0.6625, 0.125, 0, 1.995127810184383]
[0.646875, 0.125, 0, 2.6088376860421283]
[0.646875, 0.125, 0, 2.193972579600625]
[0.63125, 0.06944444444444445, 0, 1.1520994653406262]
[NaN, NaN, NaN, NaN]
[NaN, NaN, NaN, NaN]
[0.603125, 0.125, 0, 2.1681554624621615]
[0.5875, 0.125, 0, 1.8127706868441]
[0.5875, 0.09722222222222222, 0, 2.0514486257248707]
[0.5875, 0.09722222222222222, 0, 1.9714929191770951]
[0.5875, 0.09722222222222222, 0, 2.062622934922771]
[NaN, NaN, NaN, NaN]
[0.58125, 0.06944444444444445, 0, 1.214377335133592]
[0.58125, 0.06944444444444445, 0, 1.7308991137845153]
[0.58125, 0.06944444444444445, 0, 2.077977521080731]
[0.58125, 0.06944444444444445, 0, 1.5834999202800242]
[NaN, NaN, NaN, NaN]
[NaN, NaN, NaN, NaN]
[0.53125, 0.06944444444444445, 0, 1.807511694732418]
[0.53125, 0.06944444444444445, 0, 1.937494369346888]
[0.53125, 0.06944444444444445, 0, 1.747038859336423]
[0.53125, 0.06944444444444445, 0, 1.244158134428191]
[NaN, NaN, NaN, NaN]
[NaN, NaN, NaN, NaN]
[0.53125, 0.06944444444444445, 0, 1.2579884796926601]
[0.53125, 0.06944444444444445, 0, 1.445824269016568]
[0.53125, 0.06944444444444445, 0, 1.944506617107397]
[0.53125, 0.06944444444444445, 0, 2.0393446237343342]
[0.53125, 0.06944444444444445, 0, 2.1123605674943007]
[0.53125, 0.06944444444444445, 0, 1.9999589608335417]
[0.53125, 0.06944444444444445, 0, 2.135134451182891]
[0.53125, 0.06944444444444445, 0, 2.049875697463396]
[NaN, NaN, NaN, NaN]
[NaN, NaN, NaN, NaN]
[NaN, NaN, NaN, NaN]
[NaN, NaN, NaN, NaN]
[NaN, NaN, NaN, NaN]
[0.48125, 0.06944444444444445, 0, 1.5466953730510273]
[0.48125, 0.06944444444444445, 0, 1.3703218801269113]
[0.48125, 0.06944444444444445, 0, 1.2848066267907716]
[0.48125, 0.06944444444444445, 0, 1.2581330417183523]
[0.48125, 0.06944444444444445, 0, 1.3452303769556226]
[0.48125, 0.06944444444444445, 0, 1.4518150994753132]
[0.48125, 0.06944444444444445, 0, 2.0625426909012368]
[0.48125, 0.06944444444444445, 0, 2.3351823757007772]
[0.48125, 0.06944444444444445, 0, 2.6391248285408944]
[0.48125, 0.06944444444444445, 0, 2.6378323778927197]
[0.48125, 0.06944444444444445, 0, 2.0837307499712425]
[0.48125, 0.06944444444444445, 0, 2.046108925658929]
[0.48125, 0.06944444444444445, 0, 1.473082326869809]
[NaN, NaN, NaN, NaN]
[NaN, NaN, NaN, NaN]
[NaN, NaN, NaN, NaN]
[NaN, NaN, NaN, NaN]
[NaN, NaN, NaN, NaN]
[NaN, NaN, NaN, NaN]
[NaN, NaN, NaN, NaN]
[NaN, NaN, NaN, NaN]
[NaN, NaN, NaN, NaN]
[0.453125, 0.125, 0, 1.886078501902764]
[0.453125, 0.125, 0, 2.3536277216174906]
[0.453125, 0.125, 0, 2.3154263344237944]
[0.453125, 0.125, 0, 2.288942366506282]
[0.453125, 0.125, 0, 2.245343753589851]
[0.453125, 0.1527777777777778, 0, 2.250146156742688]
[0.453125, 0.1527777777777778, 0, 1.9712754738176683]
[0.4375, 0.1527777777777778, 0, 1.7545189570007256]
[0.4375, 0.1527777777777778, 0, 1.8624518374326187]
[0.4375, 0.1527777777777778, 0, 2.2259652380932855]
[0.4375, 0.1527777777777778, 0, 2.6378033393067906]
[0.4375, 0.1527777777777778, 0, 2.2077960912102292]
[0.4375, 0.1527777777777778, 0, 2.2466341856822245]
[0.4375, 0.1527777777777778, 0, 2.0119467012003005]
[0.4375, 0.1527777777777778, 0, 1.747799030974101]
[0.4375, 0.1527777777777778, 0, 1.7141968014530893]
[0.4375, 0.1527777777777778, 0, 1.5874665816129017]
[0.421875, 0.1527777777777778, 0, 1.8613897928671073]
[0.421875, 0.1527777777777778, 0, 2.365410494477312]
[0.421875, 0.1527777777777778, 0, 2.409322091253688]
[0.421875, 0.1527777777777778, 0, 2.382156036876206]
[0.421875, 0.1527777777777778, 0, 2.5205333802461376]
[0.421875, 0.1527777777777778, 0, 2.196082204655636]
[0.421875, 0.1527777777777778, 0, 2.0341302093011016]
[0.421875, 0.1527777777777778, 0, 1.7280971236870395]
[0.421875, 0.1527777777777778, 0, 2.079028139914678]
[0.421875, 0.1527777777777778, 0, 2.313252317360715]
[0.421875, 0.1527777777777778, 0, 1.99663706959927]
[0.421875, 0.1527777777777778, 0, 2.039449461438133]
[0.421875, 0.18055555555555555, 0, 2.2423406820607332]
[0.421875, 0.18055555555555555, 0, 2.0134419021722727]
[0.421875, 0.18055555555555555, 0, 1.8572524470117424]
[0.421875, 0.18055555555555555, 0, 1.7528271061372165]
[0.421875, 0.18055555555555555, 0, 1.5518730922368718]
[0.421875, 0.18055555555555555, 0, 2.1418012101530013]
[0.40625, 0.18055555555555555, 0, 2.4886279442992203]
[0.40625, 0.18055555555555555, 0, 2.518934373424134]
[0.40625, 0.18055555555555555, 0, 2.550236304387174]
[0.40625, 0.18055555555555555, 0, 2.5502361313355575]
[0.40625, 0.18055555555555555, 0, 2.3394696141245634]
[NaN, NaN, NaN, NaN]
[NaN, NaN, NaN, NaN]
[NaN, NaN, NaN, NaN]
[NaN, NaN, NaN, NaN]
[NaN, NaN, NaN, NaN]
[NaN, NaN, NaN, NaN]
[0.38125, 0.24722222222222223, 0, 1.2121449800585167]
[0.38125, 0.24722222222222223, 0, 1.2562788079201692]
[NaN, NaN, NaN, NaN]
[0.38125, 0.24722222222222223, 0, 1.3111238671897427]
[0.38125, 0.24722222222222223, 0, 1.5164551925436633]
[0.38125, 0.24722222222222223, 0, 2.0338850678120917]
[0.38125, 0.24722222222222223, 0, 2.4174818042601167]
[0.38125, 0.24722222222222223, 0, 2.214554149850471]
[0.38125, 0.24722222222222223, 0, 2.579235444242405]
[0.38125, 0.24722222222222223, 0, 2.7424406518802895]
[0.38125, 0.24722222222222223, 0, 2.232938393284471]
[0.38125, 0.24722222222222223, 0, 1.8152916334773253]
[0.38125, 0.24722222222222223, 0, 1.8703341350930731]
[0.38125, 0.24722222222222223, 0, 1.731182118019306]
[NaN, NaN, NaN, NaN]
[NaN, NaN, NaN, NaN]
[NaN, NaN, NaN, NaN]
[0.365625, 0.2638888888888889, 0, 2.2710587249629017]
[0.35, 0.2638888888888889, 0, 2.3953968382086317]
[0.35, 0.2638888888888889, 0, 2.001007818294228]
[0.35, 0.2916666666666667, 0, 1.6996403014515427]
[0.35, 0.2916666666666667, 0, 1.7251895163697377]
[0.35, 0.2916666666666667, 0, 2.2374379861275244]
[0.35, 0.2638888888888889, 0, 1.9436465544851156]
[0.334375, 0.2916666666666667, 0, 2.3324985834701266]
[0.334375, 0.2916666666666667, 0, 2.3455357317146146]
[0.334375, 0.3194444444444444, 0, 2.0586878057208464]
[0.334375, 0.3194444444444444, 0, 1.8720858898371315]
[0.334375, 0.3194444444444444, 0, 1.7142903015443356]
[0.31875, 0.2638888888888889, 0, 1.8244518722128789]
[0.31875, 0.2916666666666667, 0, 1.9357728593026884]
[0.31875, 0.2916666666666667, 0, 2.0581054210950316]
[0.31875, 0.2638888888888889, 0, 2.407909279596986]
[0.31875, 0.2638888888888889, 0, 2.0394324243976163]
[0.31875, 0.3194444444444444, 0, 1.8124379746189623]
[0.31875, 0.2916666666666667, 0, 1.81352620911368]
[0.303125, 0.2638888888888889, 0, 1.8795422183423225]
[0.303125, 0.2638888888888889, 0, 1.4662610262814706]
[0.303125, 0.2638888888888889, 0, 1.3514304847010323]
[0.303125, 0.2638888888888889, 0, 1.9099246226089839]
[0.303125, 0.2638888888888889, 0, 2.235504762009351]
[0.31875, 0.2361111111111111, 0, 2.4535746326963785]
[0.346875, 0.2361111111111111, 0, 2.5185594639441646]
[0.378125, 0.2361111111111111, 0, 2.2897652490462326]
[NaN, NaN, NaN, NaN]
[0.4375, 0.20833333333333334, 0, 2.4759050520334016]
[0.48125, 0.24722222222222223, 0, 1.8780555442588642]
[0.496875, 0.20833333333333334, 0, 2.6197649702102184]
[0.5125, 0.20833333333333334, 0, 3.0260396349545142]
[0.528125, 0.20833333333333334, 0, 2.380279343689441]
[0.53125, 0.24722222222222223, 0, 1.4568786930321997]
[0.53125, 0.24722222222222223, 0, 1.6983097827767637]
[0.528125, 0.20833333333333334, 0, 2.269414323409295]
[0.528125, 0.20833333333333334, 0, 2.3245037643487274]
[0.528125, 0.20833333333333334, 0, 2.0799865329717746]
[0.5125, 0.20833333333333334, 0, 1.8742466467570844]
[0.5125, 0.20833333333333334, 0, 2.1031772402516418]
[0.5125, 0.18055555555555555, 0, 2.1111043296279015]
[0.496875, 0.18055555555555555, 0, 2.43149195675663]
[0.496875, 0.18055555555555555, 0, 2.623603673417181]
[0.496875, 0.18055555555555555, 0, 2.3240910212613155]
[0.48125, 0.18055555555555555, 0, 2.341616033976006]
[0.48125, 0.18055555555555555, 0, 2.4861951971913347]
[0.48125, 0.18055555555555555, 0, 2.343041784932188]
[0.48125, 0.18055555555555555, 0, 2.3074528202473377]
[0.48125, 0.18055555555555555, 0, 2.2009878739284283]
[0.496875, 0.18055555555555555, 0, 2.4248483222409076]
[0.496875, 0.18055555555555555, 0, 2.5088553891272722]
[0.496875, 0.18055555555555555, 0, 2.547940574662314]
[0.496875, 0.18055555555555555, 0, 2.567557544172153]
[0.496875, 0.18055555555555555, 0, 2.3482453332321764]
[0.496875, 0.18055555555555555, 0, 2.2306188628258847]
[0.496875, 0.18055555555555555, 0, 2.1058141221455604]
[0.496875, 0.18055555555555555, 0, 2.167573870440206]
[0.496875, 0.18055555555555555, 0, 2.6022723821598777]
[0.496875, 0.18055555555555555, 0, 2.895892208039397]
[0.496875, 0.20833333333333334, 0, 2.8147717095109708]
[0.496875, 0.18055555555555555, 0, 2.623300698598171]
[0.496875, 0.20833333333333334, 0, 2.525938715535026]
[0.496875, 0.20833333333333334, 0, 2.2829966696774067]
[0.496875, 0.18055555555555555, 0, 2.322339086070615]
[0.496875, 0.18055555555555555, 0, 2.150926856742133]
[0.496875, 0.18055555555555555, 0, 2.2957725573049865]
[0.496875, 0.18055555555555555, 0, 1.8990223868197569]
[0.5125, 0.18055555555555555, 0, 2.397873743545178]
[0.5125, 0.18055555555555555, 0, 2.158418079611139]
[0.5125, 0.18055555555555555, 0, 2.174369583204199]
[0.5125, 0.18055555555555555, 0, 2.2352752098216295]
[0.5125, 0.18055555555555555, 0, 1.7826785384305135]
[0.528125, 0.20833333333333334, 0, 1.8174188842666743]
[0.528125, 0.20833333333333334, 0, 2.1233884298269783]
[0.528125, 0.20833333333333334, 0, 2.3048260368029085]
[0.528125, 0.20833333333333334, 0, 2.183568166875877]
[0.53125, 0.24722222222222223, 0, 1.5210570093947304]
[0.53125, 0.24722222222222223, 0, 1.8304548744236764]
[0.53125, 0.24722222222222223, 0, 1.710061874802517]
[0.53125, 0.24722222222222223, 0, 1.846115765542719]
[0.53125, 0.24722222222222223, 0, 1.9217904622869042]
[0.53125, 0.24722222222222223, 0, 1.1637839790795184]
[0.53125, 0.24722222222222223, 0, 1.4775946607968302]
[0.53125, 0.24722222222222223, 0, 1.7857049428962044]
[0.53125, 0.24722222222222223, 0, 1.2881780078531306]
[0.53125, 0.24722222222222223, 0, 1.3858824565542582]
[0.53125, 0.24722222222222223, 0, 1.642849670459885]
[0.53125, 0.24722222222222223, 0, 1.4322163547984446]
[0.53125, 0.24722222222222223, 0, 1.3116698204095742]
[0.53125, 0.24722222222222223, 0, 1.4618939222011234]
[0.53125, 0.24722222222222223, 0, 2.0939324354896267]
[0.53125, 0.24722222222222223, 0, 2.3362658298750585]
[0.53125, 0.24722222222222223, 0, 2.0033829464495807]
[0.53125, 0.24722222222222223, 0, 2.1045383815054093]
[0.53125, 0.24722222222222223, 0, 2.0581096554754237]
[0.53125, 0.24722222222222223, 0, 2.0560530130768093]
[0.53125, 0.24722222222222223, 0, 1.8475533945145204]
[0.53125, 0.24722222222222223, 0, 1.8441967259344445]
[0.53125, 0.24722222222222223, 0, 1.40574826903628]
[0.53125, 0.24722222222222223, 0, 1.233578346908108]
[NaN, NaN, NaN, NaN]
[NaN, NaN, NaN, NaN]
[NaN, NaN, NaN, NaN]
[0.48125, 0.24722222222222223, 0, 1.1207428996754836]
[NaN, NaN, NaN, NaN]
[NaN, NaN, NaN, NaN]
[0.48125, 0.24722222222222223, 0, 1.3618941141933283]
[0.48125, 0.24722222222222223, 0, 1.5683907342771743]
[0.48125, 0.24722222222222223, 0, 1.6026058858232923]
[0.48125, 0.24722222222222223, 0, 2.1119603489924224]
[0.48125, 0.24722222222222223, 0, 2.2050784839998654]
[0.48125, 0.24722222222222223, 0, 2.0624957271208095]
[0.48125, 0.24722222222222223, 0, 1.4282318378544563]
[NaN, NaN, NaN, NaN]
[NaN, NaN, NaN, NaN]
[NaN, NaN, NaN, NaN]
[NaN, NaN, NaN, NaN]
[NaN, NaN, NaN, NaN]
[NaN, NaN, NaN, NaN]
[NaN, NaN, NaN, NaN]
[NaN, NaN, NaN, NaN]
[NaN, NaN, NaN, NaN]
[NaN, NaN, NaN, NaN]
[NaN, NaN, NaN, NaN]
[NaN, NaN, NaN, NaN]
[NaN, NaN, NaN, NaN]
[NaN, NaN, NaN, NaN]
[NaN, NaN, NaN, NaN]
[NaN, NaN, NaN, NaN]
[0.446875, 0.2916666666666667, 0, 2.0441568354412363]
[NaN, NaN, NaN, NaN]
[0.43125, 0.24722222222222223, 0, 1.1169742403506204]
[0.43125, 0.24722222222222223, 0, 1.1465151374673594]
[NaN, NaN, NaN, NaN]
[0.43125, 0.24722222222222223, 0, 1.2540690800514083]
[0.43125, 0.24722222222222223, 0, 1.2936232812567454]
[0.43125, 0.24722222222222223, 0, 1.1678527834723307]
[NaN, NaN, NaN, NaN]
[NaN, NaN, NaN, NaN]
[NaN, NaN, NaN, NaN]
[0.48125, 0.24722222222222223, 0, 2.0992634094984997]
[0.48125, 0.24722222222222223, 0, 1.465262210858009]
[NaN, NaN, NaN, NaN]
[NaN, NaN, NaN, NaN]
[NaN, NaN, NaN, NaN]
[NaN, NaN, NaN, NaN]
[NaN, NaN, NaN, NaN]
[NaN, NaN, NaN, NaN]
[0.53125, 0.24722222222222223, 0, 1.1623731269965365]
[0.53125, 0.24722222222222223, 0, 1.7485499602420174]
[0.528125, 0.2638888888888889, 0, 2.0005507103755464]
[0.528125, 0.2638888888888889, 0, 2.178639978397269]
[0.528125, 0.2638888888888889, 0, 1.84685878632713]
[0.53125, 0.24722222222222223, 0, 2.1970525164933288]
[0.53125, 0.24722222222222223, 0, 1.5804410021052802]
[NaN, NaN, NaN, NaN]
[NaN, NaN, NaN, NaN]
[NaN, NaN, NaN, NaN]
[0.58125, 0.24722222222222223, 0, 1.6528226222242393]
[0.58125, 0.24722222222222223, 0, 2.1038249656078376]
[0.5875, 0.2361111111111111, 0, 1.921958836505454]
[0.5875, 0.2361111111111111, 0, 1.6398395020796743]
[0.603125, 0.2361111111111111, 0, 1.7524401000760415]
[0.603125, 0.2361111111111111, 0, 1.9217689851646054]
[0.603125, 0.2361111111111111, 0, 1.4287269443755202]
[0.603125, 0.20833333333333334, 0, 1.6329048339917878]
[0.603125, 0.20833333333333334, 0, 1.9203763788926806]
[0.603125, 0.20833333333333334, 0, 1.7640460149582393]
[0.5875, 0.18055555555555555, 0, 1.4218213066499419]
[0.5875, 0.20833333333333334, 0, 1.4521695686191076]
[0.5875, 0.20833333333333334, 0, 2.0209218249918908]
[0.5875, 0.20833333333333334, 0, 1.8426017351764175]
[0.5875, 0.20833333333333334, 0, 1.9586565458787988]
[0.5875, 0.18055555555555555, 0, 1.4358782909243895]
[0.571875, 0.18055555555555555, 0, 1.4886011229849985]
[0.571875, 0.18055555555555555, 0, 1.6063344932174513]
[0.571875, 0.18055555555555555, 0, 2.1744690699462503]
[0.571875, 0.18055555555555555, 0, 2.326339606378504]
[0.571875, 0.18055555555555555, 0, 2.103493423430991]
[0.55625, 0.18055555555555555, 0, 1.8879843072543727]
[0.55625, 0.18055555555555555, 0, 2.2216329471617917]
[0.55625, 0.1527777777777778, 0, 1.983306598312973]
[0.55625, 0.1527777777777778, 0, 1.718380402778539]
[0.55625, 0.1527777777777778, 0, 1.649292724390717]
[NaN, NaN, NaN, NaN]
[NaN, NaN, NaN, NaN]
[NaN, NaN, NaN, NaN]
[NaN, NaN, NaN, NaN]
[0.528125, 0.125, 0, 1.787099170495081]
[0.528125, 0.1527777777777778, 0, 1.7736013578609093]
[0.528125, 0.1527777777777778, 0, 2.1345472926076847]
[0.528125, 0.1527777777777778, 0, 2.068282051243181]
[0.528125, 0.1527777777777778, 0, 2.1239992589142167]
[0.528125, 0.1527777777777778, 0, 1.9843722178937224]
[0.5125, 0.1527777777777778, 0, 2.194869627004374]
[0.5125, 0.1527777777777778, 0, 2.0708744918671482]
[0.5125, 0.1527777777777778, 0, 1.929164588216559]
[0.5125, 0.125, 0, 1.9109515205970473]
[0.496875, 0.1527777777777778, 0, 2.2918355994738877]
[0.496875, 0.1527777777777778, 0, 2.322109965667652]
[0.496875, 0.1527777777777778, 0, 2.133648300701196]
[0.496875, 0.125, 0, 1.8001130738838917]
[0.48125, 0.125, 0, 1.8053594471042718]
[0.48125, 0.125, 0, 2.013691670393883]
[0.48125, 0.1527777777777778, 0, 2.248628838277168]
[0.48125, 0.1527777777777778, 0, 2.27763164149848]
[0.48125, 0.1527777777777778, 0, 2.2283755576280613]
[NaN, NaN, NaN, NaN]
[NaN, NaN, NaN, NaN]
[NaN, NaN, NaN, NaN]
[0.453125, 0.125, 0, 2.288578283364957]
[0.453125, 0.125, 0, 2.3616621442127963]
[0.453125, 0.125, 0, 2.047243128343831]
[0.453125, 0.125, 0, 1.7780582984042528]
[NaN, NaN, NaN, NaN]
[NaN, NaN, NaN, NaN]
[NaN, NaN, NaN, NaN]
[NaN, NaN, NaN, NaN]
[0.48125, 0.125, 0, 1.5889813863222846]
[0.48125, 0.125, 0, 2.1935727091774835]
[0.496875, 0.125, 0, 1.9300133875708962]
[NaN, NaN, NaN, NaN]
[NaN, NaN, NaN, NaN]
[0.528125, 0.125, 0, 2.0065767282759226]
[0.528125, 0.125, 0, 2.382018949740109]
[0.528125, 0.125, 0, 2.1984560545589495]
[NaN, NaN, NaN, NaN]
[NaN, NaN, NaN, NaN]
[NaN, NaN, NaN, NaN]
[NaN, NaN, NaN, NaN]
[NaN, NaN, NaN, NaN]
[NaN, NaN, NaN, NaN]
[NaN, NaN, NaN, NaN]
[0.53125, 0.06944444444444445, 0, 1.4283234620220673]
[0.53125, 0.06944444444444445, 0, 1.412028813938106]
[NaN, NaN, NaN, NaN]
[0.55625, 0.125, 0, 2.3360432086597727]
[0.55625, 0.09722222222222222, 0, 1.8945703274392705]
[0.571875, 0.125, 0, 2.3063629661677245]
[0.5875, 0.125, 0, 2.0157083192687253]
[0.5875, 0.09722222222222222, 0, 2.1046040265953154]
[NaN, NaN, NaN, NaN]
[NaN, NaN, NaN, NaN]
[NaN, NaN, NaN, NaN]
[NaN, NaN, NaN, NaN]
[NaN, NaN, NaN, NaN]
[0.63125, 0.06944444444444445, 0, 1.1700628579025596]
[0.63125, 0.06944444444444445, 0, 1.382947076867543]
[0.63125, 0.09722222222222222, 0, 2.3257577311678777]
[0.63125, 0.09722222222222222, 0, 2.1184326885572826]
[NaN, NaN, NaN, NaN]
[NaN, NaN, NaN, NaN]
[NaN, NaN, NaN, NaN]
[0.603125, 0.125, 0, 2.357074834273642]
[0.603125, 0.125, 0, 2.4584397988637594]
[0.603125, 0.125, 0, 2.1300833718016907]
[0.5875, 0.125, 0, 2.41425537560011]
[0.571875, 0.09722222222222222, 0, 2.2651297619084843]
[0.571875, 0.125, 0, 2.459926520874399]
[0.55625, 0.125, 0, 2.4135243623984297]
[0.55625, 0.125, 0, 2.7829901935743333]
[0.55625, 0.125, 0, 2.160011850688863]
[NaN, NaN, NaN, NaN]
[NaN, NaN, NaN, NaN]
[NaN, NaN, NaN, NaN]
[0.528125, 0.125, 0, 2.336485504971342]
[0.528125, 0.125, 0, 2.320232230627427]
[0.528125, 0.125, 0, 1.9840545801939669]
[0.5125, 0.125, 0, 2.4449027214161663]
[0.5125, 0.125, 0, 2.6315039559373306]
[0.5125, 0.125, 0, 2.307281443038464]
[0.5125, 0.1527777777777778, 0, 2.252949871773254]
[0.496875, 0.125, 0, 2.2122365394422117]
[0.496875, 0.125, 0, 2.612332341625173]
[0.496875, 0.125, 0, 2.3342728650893214]
[0.496875, 0.1527777777777778, 0, 2.3584217897654236]
[0.496875, 0.1527777777777778, 0, 2.5929601389448447]
[0.496875, 0.125, 0, 2.6893989886964236]
[0.496875, 0.125, 0, 2.2016988678278904]
[0.496875, 0.125, 0, 2.4019353776898424]
[0.496875, 0.125, 0, 2.5311970953935488]
[0.496875, 0.125, 0, 2.152061690385991]
[0.48125, 0.125, 0, 2.1356477798497515]
[0.48125, 0.125, 0, 2.7069023531903627]
[0.48125, 0.125, 0, 2.8409951667525357]
[0.48125, 0.125, 0, 2.741644695779321]
[0.48125, 0.125, 0, 2.6481672912606675]
[0.48125, 0.125, 0, 2.6833200607024454]
[0.48125, 0.125, 0, 2.82974208845315]
[0.48125, 0.125, 0, 2.8400676972842747]
[0.48125, 0.125, 0, 2.4611436192442033]
[0.496875, 0.125, 0, 2.3167794279776466]
[0.496875, 0.125, 0, 2.470841326677726]
[0.496875, 0.125, 0, 2.666119319723367]
[0.496875, 0.125, 0, 2.4058895018066364]
[0.496875, 0.125, 0, 2.378896690163817]
[0.496875, 0.1527777777777778, 0, 2.5928474692372103]
[0.496875, 0.1527777777777778, 0, 2.6948041975019716]
[0.496875, 0.1527777777777778, 0, 2.518837977051964]
[0.496875, 0.1527777777777778, 0, 2.347100301533433]
[0.496875, 0.1527777777777778, 0, 2.2794790364686124]
[0.496875, 0.125, 0, 2.667229620228737]
[0.496875, 0.1527777777777778, 0, 2.4396386906143586]
[0.496875, 0.125, 0, 2.2649189279933295]
[0.496875, 0.125, 0, 2.153733064260506]
[0.496875, 0.1527777777777778, 0, 2.3251171109300226]
[0.496875, 0.1527777777777778, 0, 2.2214365671061937]
[0.496875, 0.1527777777777778, 0, 2.5300958615422404]
[0.496875, 0.1527777777777778, 0, 2.16605117524405]
[0.496875, 0.1527777777777778, 0, 2.1097938626111867]
[0.496875, 0.1527777777777778, 0, 2.3898657582899725]
[0.496875, 0.125, 0, 2.1296373895614904]
[0.496875, 0.1527777777777778, 0, 2.439116905954431]
[0.496875, 0.125, 0, 2.447877250198878]
[0.496875, 0.125, 0, 2.5080439970447816]
[0.496875, 0.125, 0, 2.529105315910262]
[0.496875, 0.125, 0, 2.6208532353294762]
[0.496875, 0.125, 0, 2.4257999816130065]
[0.5125, 0.1527777777777778, 0, 2.251797107191317]
[0.5125, 0.1527777777777778, 0, 2.5570498064571847]
[0.5125, 0.1527777777777778, 0, 2.349354634672125]
[0.5125, 0.1527777777777778, 0, 2.3492913820200982]
[0.5125, 0.1527777777777778, 0, 2.5697940906782293]
[0.5125, 0.1527777777777778, 0, 2.627870342333321]
[0.5125, 0.1527777777777778, 0, 2.4710325793899357]
[0.5125, 0.125, 0, 2.1808066938324604]
[0.5125, 0.125, 0, 2.405496719404071]
[0.5125, 0.18055555555555555, 0, 2.0977590391682686]
[0.5125, 0.1527777777777778, 0, 2.3129639095471517]
[0.5125, 0.1527777777777778, 0, 2.6227922573543037]
[0.5125, 0.1527777777777778, 0, 2.4728413792840027]
[0.5125, 0.1527777777777778, 0, 1.9361590301085994]
[0.5125, 0.1527777777777778, 0, 2.160128809904666]
[0.5125, 0.1527777777777778, 0, 2.031582699896884]
[0.5125, 0.18055555555555555, 0, 2.2700690883621237]
[0.5125, 0.1527777777777778, 0, 2.9440489226304205]
[0.5125, 0.1527777777777778, 0, 3.1651756078648687]
[0.5125, 0.1527777777777778, 0, 2.6548881896290517]
[0.528125, 0.1527777777777778, 0, 2.1061469532795156]
[0.528125, 0.1527777777777778, 0, 1.9176602022115714]
[0.528125, 0.1527777777777778, 0, 2.1115468544399922]
[0.5125, 0.1527777777777778, 0, 2.169376751673307]
[0.5125, 0.1527777777777778, 0, 2.603926397696349]
[0.5125, 0.1527777777777778, 0, 2.5156187190427763]
[0.5125, 0.18055555555555555, 0, 2.279895361029154]
[0.5125, 0.18055555555555555, 0, 2.493108792168551]
[0.5125, 0.18055555555555555, 0, 2.4870496220590166]
[0.5125, 0.1527777777777778, 0, 2.831838870575649]
[0.5125, 0.1527777777777778, 0, 2.8559980716761104]
[0.5125, 0.1527777777777778, 0, 3.0210844614135195]
[0.5125, 0.1527777777777778, 0, 2.7022030938463155]
[0.5125, 0.1527777777777778, 0, 2.7588489205380866]
[0.5125, 0.18055555555555555, 0, 2.5003649535956125]
[0.5125, 0.1527777777777778, 0, 2.4224567365502656]
[0.528125, 0.1527777777777778, 0, 2.5313607059208985]
[0.528125, 0.1527777777777778, 0, 2.665006175283112]
[0.528125, 0.18055555555555555, 0, 2.547158725794545]
[0.528125, 0.18055555555555555, 0, 2.2222023279257734]
[NaN, NaN, NaN, NaN]
[NaN, NaN, NaN, NaN]
[NaN, NaN, NaN, NaN]
[0.54375, 0.18055555555555555, 0, 2.8056826853640175]
[0.528125, 0.18055555555555555, 0, 2.4482250081648456]
[0.528125, 0.18055555555555555, 0, 2.4862795781052767]
[0.528125, 0.18055555555555555, 0, 2.445622723257179]
[0.528125, 0.18055555555555555, 0, 2.2911064663441447]
[0.528125, 0.18055555555555555, 0, 2.3883334558822353]
[0.528125, 0.20833333333333334, 0, 2.4439050019263853]
[0.528125, 0.20833333333333334, 0, 2.4836417256468244]
[0.528125, 0.18055555555555555, 0, 2.1491177652583526]
[0.528125, 0.18055555555555555, 0, 2.144684447161838]
[0.528125, 0.18055555555555555, 0, 2.469656985593727]
[0.528125, 0.18055555555555555, 0, 2.288259062302706]
[0.528125, 0.18055555555555555, 0, 2.7437395242873146]
[0.528125, 0.18055555555555555, 0, 2.745309063745888]
[0.528125, 0.18055555555555555, 0, 2.4486109837139782]
[0.528125, 0.18055555555555555, 0, 2.353837314639059]
[0.528125, 0.20833333333333334, 0, 2.2306680074393554]
[0.528125, 0.18055555555555555, 0, 1.999140465895518]
[0.528125, 0.20833333333333334, 0, 1.7448064251758135]
[NaN, NaN, NaN, NaN]
[NaN, NaN, NaN, NaN]
[NaN, NaN, NaN, NaN]
[NaN, NaN, NaN, NaN]
[NaN, NaN, NaN, NaN]
[NaN, NaN, NaN, NaN]
[0.528125, 0.18055555555555555, 0, 2.1908219648977374]
[0.528125, 0.1527777777777778, 0, 2.4163406466837696]
[0.528125, 0.1527777777777778, 0, 2.56103221436284]
[0.528125, 0.18055555555555555, 0, 2.279620256791709]
[0.5125, 0.18055555555555555, 0, 2.0209110840219773]
[0.5125, 0.1527777777777778, 0, 2.696623630469677]
[0.5125, 0.1527777777777778, 0, 2.9372370583262275]
[0.5125, 0.1527777777777778, 0, 2.697605946052872]
[0.496875, 0.1527777777777778, 0, 2.7169495846673026]
[0.496875, 0.18055555555555555, 0, 2.9554037356932046]
[0.496875, 0.18055555555555555, 0, 2.455686432368941]
[0.48125, 0.18055555555555555, 0, 2.6559828933067577]
[0.48125, 0.18055555555555555, 0, 2.855514020144464]
[NaN, NaN, NaN, NaN]
[NaN, NaN, NaN, NaN]
[0.453125, 0.18055555555555555, 0, 1.7418620136595078]
[0.453125, 0.18055555555555555, 0, 1.9969261246286576]
[0.453125, 0.18055555555555555, 0, 2.421633846139847]
[0.453125, 0.1527777777777778, 0, 2.7307954377829646]
[0.4375, 0.1527777777777778, 0, 2.7354410666186624]
[0.4375, 0.1527777777777778, 0, 2.621910874373296]
[0.43125, 0.18055555555555555, 0, 2.5382193344065462]
[0.421875, 0.18055555555555555, 0, 2.8662508228720425]
[0.415625, 0.18055555555555555, 0, 2.696917164473117]
[0.415625, 0.18055555555555555, 0, 2.7047916994389096]
[0.40625, 0.1527777777777778, 0, 2.626460956072665]
[0.40625, 0.1527777777777778, 0, 2.4897392064575667]
[0.40625, 0.18055555555555555, 0, 2.6717130232286292]
[0.415625, 0.18055555555555555, 0, 2.5146744326482104]
[0.421875, 0.18055555555555555, 0, 2.48422565580721]
[0.421875, 0.1527777777777778, 0, 2.653658080015746]
[0.421875, 0.1527777777777778, 0, 2.6881427612447535]
[0.4375, 0.1527777777777778, 0, 2.7820875162214898]
[0.4375, 0.1527777777777778, 0, 2.835060492094862]
[0.453125, 0.1527777777777778, 0, 2.594989761701155]
[0.453125, 0.1527777777777778, 0, 3.0825549170121946]
[0.453125, 0.1527777777777778, 0, 2.7308365675624424]
[NaN, NaN, NaN, NaN]
[0.453125, 0.125, 0, 1.5501472214140395]
[NaN, NaN, NaN, NaN]
[0.48125, 0.1527777777777778, 0, 2.4363190722883474]
[0.48125, 0.1527777777777778, 0, 2.756798953407978]
[0.48125, 0.125, 0, 2.3234441381224773]
[0.48125, 0.125, 0, 2.581275443309959]
[0.496875, 0.125, 0, 2.7512633347433146]
[0.496875, 0.125, 0, 3.0360384081451857]
[0.496875, 0.125, 0, 2.661484295020532]
[0.496875, 0.125, 0, 3.0331584403557916]
[0.496875, 0.125, 0, 2.581985316375884]
[0.496875, 0.125, 0, 2.612628090292402]
[0.48125, 0.125, 0, 2.301932156790068]
[0.48125, 0.125, 0, 2.192527903336935]
[0.48125, 0.125, 0, 2.149433640939355]
[0.48125, 0.125, 0, 1.9135637666270482]
[0.48125, 0.09722222222222222, 0, 2.4374292793188106]
[0.48125, 0.09722222222222222, 0, 2.504404496701789]
[0.496875, 0.09722222222222222, 0, 2.5974719734050136]
[0.496875, 0.09722222222222222, 0, 3.006941385774573]
[0.496875, 0.09722222222222222, 0, 2.988846469516646]
[0.496875, 0.09722222222222222, 0, 2.8115664898199695]
[0.496875, 0.09722222222222222, 0, 2.400099459214743]
[0.5125, 0.09722222222222222, 0, 2.4873529180230047]
[0.5125, 0.09722222222222222, 0, 2.0458223800539717]
[0.5125, 0.09722222222222222, 0, 2.121264333563678]
[0.5125, 0.06944444444444445, 0, 2.0690523393458915]
[0.5125, 0.06944444444444445, 0, 2.1089242427022152]
[NaN, NaN, NaN, NaN]
[NaN, NaN, NaN, NaN]
[NaN, NaN, NaN, NaN]
[0.496875, 0.09722222222222222, 0, 3.0563436387998886]
[0.496875, 0.09722222222222222, 0, 2.8367852840379535]
[0.496875, 0.09722222222222222, 0, 2.77380482813723]
[0.48125, 0.06944444444444445, 0, 1.29222091549313]
[0.48125, 0.06944444444444445, 0, 1.9464140369286713]
[0.48125, 0.06944444444444445, 0, 1.950622614367891]
[0.48125, 0.06944444444444445, 0, 1.7921360401211273]
[0.48125, 0.06944444444444445, 0, 1.644292940518738]
[0.48125, 0.06944444444444445, 0, 2.015398460572062]
[0.48125, 0.06944444444444445, 0, 1.7656843783446947]
[0.48125, 0.06944444444444445, 0, 2.034697876035337]
[0.48125, 0.06944444444444445, 0, 1.9438672369239465]
[0.48125, 0.06944444444444445, 0, 1.9338983218029189]
[0.48125, 0.06944444444444445, 0, 2.072817029474457]
[0.48125, 0.06944444444444445, 0, 2.200226982622142]
[0.48125, 0.06944444444444445, 0, 2.4247494345545832]
[0.48125, 0.06944444444444445, 0, 2.068354652586188]
[0.48125, 0.06944444444444445, 0, 1.7427362989850705]
[0.48125, 0.06944444444444445, 0, 1.817428856352641]
[NaN, NaN, NaN, NaN]
[NaN, NaN, NaN, NaN]
[NaN, NaN, NaN, NaN]
[NaN, NaN, NaN, NaN]
[NaN, NaN, NaN, NaN]
[0.5125, 0.09722222222222222, 0, 2.642956655945655]
[0.5125, 0.09722222222222222, 0, 2.627959025381479]
[0.5125, 0.09722222222222222, 0, 2.337323837884338]
[0.528125, 0.09722222222222222, 0, 2.5533733971925408]
[0.528125, 0.09722222222222222, 0, 2.5412684146348687]
[0.528125, 0.09722222222222222, 0, 2.649986646367371]
[0.53125, 0.06944444444444445, 0, 1.3965764962509883]
[NaN, NaN, NaN, NaN]
[NaN, NaN, NaN, NaN]
[0.571875, 0.09722222222222222, 0, 2.5611331067115435]
[0.571875, 0.125, 0, 2.7966539769104726]
[0.5875, 0.125, 0, 2.7721343471766984]
[0.5875, 0.125, 0, 3.1582599420378084]
[0.603125, 0.125, 0, 2.806390970226593]
[0.603125, 0.125, 0, 2.7171451543784633]
[0.603125, 0.125, 0, 2.695092552329147]
[0.603125, 0.125, 0, 2.771797541017584]
[0.603125, 0.125, 0, 2.231677034477853]
[0.5875, 0.125, 0, 2.2546578501060415]
[0.5875, 0.125, 0, 2.3195092647866957]
[0.571875, 0.125, 0, 2.1097476531657615]
[NaN, NaN, NaN, NaN]
[0.528125, 0.125, 0, 2.4078094541061454]
[0.496875, 0.125, 0, 2.231233376962865]
[0.48125, 0.125, 0, 2.680726727039387]
[0.453125, 0.1527777777777778, 0, 2.4357106286451518]
[0.4375, 0.125, 0, 2.4190382232080787]
[0.4375, 0.125, 0, 2.565298466498747]
[0.421875, 0.125, 0, 2.359106220707213]
[0.421875, 0.125, 0, 2.4573353278302195]
[0.4375, 0.125, 0, 2.52416359553907]
[0.4375, 0.125, 0, 2.644259899599537]
[0.453125, 0.125, 0, 2.2411087045987386]
[0.453125, 0.125, 0, 2.7405471300547197]
[0.453125, 0.1527777777777778, 0, 2.038077652523953]
[0.48125, 0.06944444444444445, 0, 1.71695055576221]
[0.48125, 0.09722222222222222, 0, 2.4187058056927504]
[0.48125, 0.125, 0, 2.3252511848020796]
[0.496875, 0.125, 0, 2.27626616535679]
[0.496875, 0.09722222222222222, 0, 2.421021159854293]
[0.496875, 0.09722222222222222, 0, 2.286889398777672]
[0.496875, 0.09722222222222222, 0, 2.233088483065218]
[0.48125, 0.06944444444444445, 0, 1.2635390925756254]
[0.48125, 0.09722222222222222, 0, 2.2657226015990535]
[0.48125, 0.09722222222222222, 0, 2.33043456063947]
[0.48125, 0.06944444444444445, 0, 1.1691308809705288]
[0.453125, 0.09722222222222222, 0, 2.0317241222238547]
[0.453125, 0.09722222222222222, 0, 2.4259115104778806]
[NaN, NaN, NaN, NaN]
[NaN, NaN, NaN, NaN]
[NaN, NaN, NaN, NaN]
[NaN, NaN, NaN, NaN]
[NaN, NaN, NaN, NaN]
[NaN, NaN, NaN, NaN]
[NaN, NaN, NaN, NaN]
[NaN, NaN, NaN, NaN]
[NaN, NaN, NaN, NaN]
[NaN, NaN, NaN, NaN]
[NaN, NaN, NaN, NaN]
[NaN, NaN, NaN, NaN]
[NaN, NaN, NaN, NaN]
[NaN, NaN, NaN, NaN]
[NaN, NaN, NaN, NaN]
[NaN, NaN, NaN, NaN]
[NaN, NaN, NaN, NaN]
[NaN, NaN, NaN, NaN]
[NaN, NaN, NaN, NaN]
[NaN, NaN, NaN, NaN]
[NaN, NaN, NaN, NaN]
[NaN, NaN, NaN, NaN]
[NaN, NaN, NaN, NaN]
[NaN, NaN, NaN, NaN]
[NaN, NaN, NaN, NaN]
[NaN, NaN, NaN, NaN]
[NaN, NaN, NaN, NaN]
[NaN, NaN, NaN, NaN]
[NaN, NaN, NaN, NaN]
[NaN, NaN, NaN, NaN]
[NaN, NaN, NaN, NaN]
[NaN, NaN, NaN, NaN]
[NaN, NaN, NaN, NaN]
[NaN, NaN, NaN, NaN]
[NaN, NaN, NaN, NaN]
[NaN, NaN, NaN, NaN]
[NaN, NaN, NaN, NaN]
[NaN, NaN, NaN, NaN]
[NaN, NaN, NaN, NaN]
[NaN, NaN, NaN, NaN]
[NaN, NaN, NaN, NaN]
[NaN, NaN, NaN, NaN]
[NaN, NaN, NaN, NaN]
[NaN, NaN, NaN, NaN]
[NaN, NaN, NaN, NaN]
[NaN, NaN, NaN, NaN]
[NaN, NaN, NaN, NaN]
[NaN, NaN, NaN, NaN]
[NaN, NaN, NaN, NaN]
[NaN, NaN, NaN, NaN]
[NaN, NaN, NaN, NaN]
[NaN, NaN, NaN, NaN]
[NaN, NaN, NaN, NaN]
[NaN, NaN, NaN, NaN]
[NaN, NaN, NaN, NaN]
[NaN, NaN, NaN, NaN]
[NaN, NaN, NaN, NaN]
[NaN, NaN, NaN, NaN]
[NaN, NaN, NaN, NaN]
[NaN, NaN, NaN, NaN]
[NaN, NaN, NaN, NaN]
[NaN, NaN, NaN, NaN]
[NaN, NaN, NaN, NaN]
[NaN, NaN, NaN, NaN]
[NaN, NaN, NaN, NaN]
[NaN, NaN, NaN, NaN]
[NaN, NaN, NaN, NaN]
[NaN, NaN, NaN, NaN]
[NaN, NaN, NaN, NaN]
[NaN, NaN, NaN, NaN]
[NaN, NaN, NaN, NaN]
[NaN, NaN, NaN, NaN]
[NaN, NaN, NaN, NaN]
[NaN, NaN, NaN, NaN]
[NaN, NaN, NaN, NaN]
[NaN, NaN, NaN, NaN]
[NaN, NaN, NaN, NaN]
[NaN, NaN, NaN, NaN]
[NaN, NaN, NaN, NaN]
[NaN, NaN, NaN, NaN]
[NaN, NaN, NaN, NaN]
[NaN, NaN, NaN, NaN]
[NaN, NaN, NaN, NaN]
[NaN, NaN, NaN, NaN]
[NaN, NaN, NaN, NaN]
[0.48125, 0.06944444444444445, 0, 1.203117394883752]
[0.48125, 0.06944444444444445, 0, 1.8155664590852434]
[0.48125, 0.06944444444444445, 0, 1.6997039656302835]
[0.48125, 0.06944444444444445, 0, 1.337766067784049]
[0.48125, 0.06944444444444445, 0, 1.2526740558675753]
[0.48125, 0.06944444444444445, 0, 1.3438280076736056]
[0.48125, 0.06944444444444445, 0, 1.765472106655788]
[0.48125, 0.06944444444444445, 0, 1.7766293554735204]
[0.48125, 0.06944444444444445, 0, 1.7393113756555298]
[0.496875, 0.06944444444444445, 0, 2.0488291946507817]
[0.496875, 0.06944444444444445, 0, 2.2673514623522584]
[0.496875, 0.06944444444444445, 0, 2.6111092596273036]
[0.496875, 0.06944444444444445, 0, 2.0903824477864448]
[0.496875, 0.09722222222222222, 0, 2.0965658054601928]
[0.5125, 0.06944444444444445, 0, 2.009468230095657]
[NaN, NaN, NaN, NaN]
[0.5125, 0.06944444444444445, 0, 2.13548005349144]
[0.5125, 0.06944444444444445, 0, 2.1829149720795615]
[0.5125, 0.125, 0, 2.0612405040953443]
[0.5125, 0.09722222222222222, 0, 2.2821651877598463]
[0.5125, 0.09722222222222222, 0, 2.1837653105394357]
[0.5125, 0.09722222222222222, 0, 2.129416599743633]
[0.528125, 0.09722222222222222, 0, 1.6958105370227854]
[0.528125, 0.09722222222222222, 0, 1.9329665125238742]
[0.5125, 0.1527777777777778, 0, 2.022460443308116]
[0.5125, 0.09722222222222222, 0, 2.1091131782592805]
[0.5125, 0.09722222222222222, 0, 2.4068536720402394]
[0.496875, 0.1527777777777778, 0, 2.1285507817691225]
[0.496875, 0.09722222222222222, 0, 2.082288564068691]
[0.48125, 0.1527777777777778, 0, 2.1020130642402615]
[0.48125, 0.1527777777777778, 0, 1.8662954241081116]
[NaN, NaN, NaN, NaN]
[NaN, NaN, NaN, NaN]
[NaN, NaN, NaN, NaN]
[NaN, NaN, NaN, NaN]
[NaN, NaN, NaN, NaN]
[NaN, NaN, NaN, NaN]
[NaN, NaN, NaN, NaN]
[0.453125, 0.1527777777777778, 0, 1.930868259179343]
[0.453125, 0.1527777777777778, 0, 2.1131481330433544]
[0.453125, 0.1527777777777778, 0, 2.0418831170142804]
[0.453125, 0.1527777777777778, 0, 2.0751309232047985]
[0.453125, 0.1527777777777778, 0, 1.8007169588083831]
[0.453125, 0.125, 0, 2.254321388566418]
[0.453125, 0.125, 0, 2.2882114696580977]
[0.4375, 0.125, 0, 2.159420425562058]
[0.4375, 0.125, 0, 2.0884842929346914]
[0.4375, 0.125, 0, 2.247124781388882]
[0.4375, 0.125, 0, 2.2597755512632034]
[0.4375, 0.1527777777777778, 0, 2.2961951905365017]
[0.4375, 0.1527777777777778, 0, 1.9936651840448716]
[0.4375, 0.1527777777777778, 0, 2.455167951522833]
[0.4375, 0.1527777777777778, 0, 2.1618964540840797]
[0.4375, 0.1527777777777778, 0, 1.9774627466370271]
[0.4375, 0.1527777777777778, 0, 2.217938812556076]
[0.4375, 0.125, 0, 2.324637366227713]
[0.4375, 0.1527777777777778, 0, 2.0506664426323318]
[0.43125, 0.18055555555555555, 0, 1.822834270455224]
[0.421875, 0.1527777777777778, 0, 2.010800528610365]
[0.43125, 0.125, 0, 2.3615169301292336]
[0.43125, 0.1527777777777778, 0, 2.7069495707541256]
[0.43125, 0.1527777777777778, 0, 2.3347129447824395]
[0.4375, 0.1527777777777778, 0, 2.1756050892632044]
[0.43125, 0.18055555555555555, 0, 1.95473284858371]
[0.43125, 0.20833333333333334, 0, 2.1288803416608273]
[0.421875, 0.18055555555555555, 0, 2.115032779111374]
[0.43125, 0.20833333333333334, 0, 2.2786622026947443]
[0.43125, 0.18055555555555555, 0, 2.614300600065913]
[0.421875, 0.20833333333333334, 0, 2.166506871622859]
[0.421875, 0.20833333333333334, 0, 1.9219808151973414]
[0.421875, 0.2361111111111111, 0, 2.1252379205459393]
[0.415625, 0.2361111111111111, 0, 1.9581747241576177]
[0.415625, 0.2361111111111111, 0, 2.370660321468747]
[0.415625, 0.2638888888888889, 0, 2.3299887929863066]
[0.4, 0.2361111111111111, 0, 2.18982672572064]
[0.4, 0.2638888888888889, 0, 2.3800925016487806]
[0.4, 0.2361111111111111, 0, 2.6530574163030467]
[0.4, 0.2638888888888889, 0, 2.343466909807834]
[0.4, 0.2638888888888889, 0, 1.9290204442657408]
[0.4, 0.2638888888888889, 0, 2.106751030326386]
[0.384375, 0.2638888888888889, 0, 2.1671712539717856]
[0.38125, 0.24722222222222223, 0, 1.9985448206195067]
[0.38125, 0.24722222222222223, 0, 1.7339289355981424]
[0.38125, 0.24722222222222223, 0, 1.6865164335986889]
[NaN, NaN, NaN, NaN]
[NaN, NaN, NaN, NaN]
[0.365625, 0.2638888888888889, 0, 2.018493271714528]
[0.35, 0.2638888888888889, 0, 2.0974036865675814]
[0.35, 0.2361111111111111, 0, 2.0206406103620855]
[0.334375, 0.2638888888888889, 0, 1.8371364383483122]
[0.334375, 0.2361111111111111, 0, 1.9747569273417824]
[0.334375, 0.2361111111111111, 0, 2.3935097764876287]
[0.35, 0.2361111111111111, 0, 2.0388765634666477]
[NaN, NaN, NaN, NaN]
[NaN, NaN, NaN, NaN]
[0.35, 0.20833333333333334, 0, 1.833392557054559]
[0.35, 0.20833333333333334, 0, 2.260685484449997]
[0.346875, 0.20833333333333334, 0, 2.0893692967389907]
[0.334375, 0.20833333333333334, 0, 1.7771553486418694]
[0.334375, 0.20833333333333334, 0, 1.8808638878629977]
[0.31875, 0.20833333333333334, 0, 1.7373535136154563]
[0.31875, 0.20833333333333334, 0, 1.7151223862898417]
[0.303125, 0.18055555555555555, 0, 1.9562621076283537]
[0.303125, 0.20833333333333334, 0, 1.724795284382741]
[0.303125, 0.2361111111111111, 0, 1.1990786767363135]
[0.2875, 0.20833333333333334, 0, 1.475679367677687]
[0.271875, 0.18055555555555555, 0, 1.3718874655706428]
[0.271875, 0.20833333333333334, 0, 2.138049519548982]
[0.271875, 0.2361111111111111, 0, 1.8167321596540702]
[NaN, NaN, NaN, NaN]
[NaN, NaN, NaN, NaN]
[0.221875, 0.1527777777777778, 0, 1.175709747771657]
[NaN, NaN, NaN, NaN]
[0.20625, 0.18055555555555555, 0, 1.526920023003179]
[0.196875, 0.18055555555555555, 0, 1.6334271460615966]
[0.196875, 0.20833333333333334, 0, 1.4917093246668875]
[NaN, NaN, NaN, NaN]
[NaN, NaN, NaN, NaN]
[NaN, NaN, NaN, NaN]
[0.153125, 0.18055555555555555, 0, 1.5752978239068196]
[0.1375, 0.1527777777777778, 0, 1.1400568838128302]
