[0.590625, 0.3194444444444444, 0, 2.1973218983768046]
[0.60625, 0.2638888888888889, 0, 2.1058857462065523]
[0.60625, 0.2638888888888889, 0, 2.1374756752344015]
[0.60625, 0.2638888888888889, 0, 2.3359400177970655]
[0.60625, 0.2638888888888889, 0, 2.258636780851347]
[NaN, NaN, NaN, NaN]
[NaN, NaN, NaN, NaN]
[NaN, NaN, NaN, NaN]
[NaN, NaN, NaN, NaN]
[NaN, NaN, NaN, NaN]
[NaN, NaN, NaN, NaN]
[NaN, NaN, NaN, NaN]
[NaN, NaN, NaN, NaN]
[NaN, NaN, NaN, NaN]
[NaN, NaN, NaN, NaN]
[NaN, NaN, NaN, NaN]
[NaN, NaN, NaN, NaN]
[NaN, NaN, NaN, NaN]
[NaN, NaN, NaN, NaN]
[NaN, NaN, NaN, NaN]
[0.603125, 0.20833333333333334, 0, 1.3704159084330354]
[0.603125, 0.1527777777777778, 0, 1.721022330227526]
[0.603125, 0.1527777777777778, 0, 2.0870490683302885]
[0.603125, 0.1527777777777778, 0, 2.243720073900672]
[0.603125, 0.125, 0, 2.055009510831789]
[0.603125, 0.125, 0, 2.2398230848662344]
[0.603125, 0.125, 0, 2.1553994876767155]
[0.603125, 0.125, 0, 2.279982215643216]
[0.603125, 0.125, 0, 2.1941195416115704]
[0.603125, 0.09722222222222222, 0, 2.188470291359162]
[0.603125, 0.09722222222222222, 0, 2.096696687403268]
[0.603125, 0.125, 0, 1.9104217428674495]
[0.603125, 0.125, 0, 1.9448204409993435]
[0.603125, 0.125, 0, 1.870928342196583]
[0.603125, 0.125, 0, 1.670176567779919]
[0.603125, 0.125, 0, 1.4149512900116226]
[0.603125, 0.125, 0, 1.3917763755026797]
[0.603125, 0.125, 0, 1.3135134333545369]
[0.603125, 0.125, 0, 1.9524607782251129]
[0.603125, 0.1527777777777778, 0, 2.2122459312621854]
[0.603125, 0.125, 0, 2.4182377611695274]
[0.603125, 0.125, 0, 2.082351527070748]
[0.5875, 0.125, 0, 2.351955331784194]
[0.5875, 0.125, 0, 2.4491389012045253]
[0.5875, 0.125, 0, 2.1881285184143677]
[0.5875, 0.125, 0, 2.0947054883453613]
[0.5875, 0.125, 0, 2.1181180305768077]
[0.5875, 0.125, 0, 2.105924873194427]
[0.5875, 0.125, 0, 2.2405894657025316]
[0.5875, 0.125, 0, 2.2811233730910336]
[0.5875, 0.125, 0, 2.209033952170564]
[0.5875, 0.125, 0, 2.0436479058562105]
[0.5875, 0.1527777777777778, 0, 1.9371814614282241]
[0.5875, 0.1527777777777778, 0, 1.9649290513341497]
[0.5875, 0.1527777777777778, 0, 2.244539175164946]
[0.5875, 0.1527777777777778, 0, 2.0232015105263375]
[0.5875, 0.1527777777777778, 0, 2.1629899156820627]
[0.5875, 0.1527777777777778, 0, 2.225548618956566]
[0.5875, 0.1527777777777778, 0, 2.1263671581046295]
[0.5875, 0.1527777777777778, 0, 2.268935592244537]
[0.5875, 0.1527777777777778, 0, 2.1438281224077937]
[0.5875, 0.1527777777777778, 0, 2.0410558165507195]
[0.5875, 0.1527777777777778, 0, 2.0395023110708617]
[0.571875, 0.1527777777777778, 0, 2.052566985075363]
[0.571875, 0.1527777777777778, 0, 2.0972207510762515]
[NaN, NaN, NaN, NaN]
[NaN, NaN, NaN, NaN]
[0.54375, 0.1527777777777778, 0, 1.8641471163452976]
[0.528125, 0.1527777777777778, 0, 1.3677559068252076]
[0.528125, 0.18055555555555555, 0, 2.1324368338923088]
[0.528125, 0.1527777777777778, 0, 2.4168230780921425]
[0.528125, 0.1527777777777778, 0, 2.2240561501848513]
[0.528125, 0.1527777777777778, 0, 2.3598604693557688]
[0.528125, 0.1527777777777778, 0, 2.44797798420509]
[0.528125, 0.1527777777777778, 0, 2.3757814714864782]
[0.528125, 0.1527777777777778, 0, 2.3257035513918285]
[0.528125, 0.1527777777777778, 0, 2.010279364730756]
[0.528125, 0.1527777777777778, 0, 2.07898839015472]
[0.528125, 0.1527777777777778, 0, 1.9036818207662078]
[0.528125, 0.1527777777777778, 0, 2.2639126938148753]
[0.528125, 0.125, 0, 2.3133693409381992]
[0.528125, 0.125, 0, 2.3366470236612287]
[0.5125, 0.125, 0, 1.953289481391091]
[0.5125, 0.125, 0, 1.9673292540032443]
[0.5125, 0.1527777777777778, 0, 2.146728537666015]
[0.5125, 0.125, 0, 2.1203329738769203]
[0.5125, 0.125, 0, 2.185600410025521]
[0.5125, 0.09722222222222222, 0, 2.2013202381746186]
[0.5125, 0.09722222222222222, 0, 2.3159044631764254]
[0.5125, 0.09722222222222222, 0, 2.124018863193619]
[0.5125, 0.09722222222222222, 0, 2.0591432489921995]
[0.528125, 0.09722222222222222, 0, 2.151561100683291]
[0.528125, 0.09722222222222222, 0, 2.439279184210678]
[0.528125, 0.09722222222222222, 0, 2.374311123550408]
[0.528125, 0.09722222222222222, 0, 2.275048133844748]
[0.528125, 0.09722222222222222, 0, 1.8629525865775782]
[0.53125, 0.06944444444444445, 0, 1.6774376090022318]
[0.53125, 0.06944444444444445, 0, 1.2235352738761889]
[0.53125, 0.06944444444444445, 0, 1.2249434000843606]
[NaN, NaN, NaN, NaN]
[NaN, NaN, NaN, NaN]
[NaN, NaN, NaN, NaN]
[NaN, NaN, NaN, NaN]
[NaN, NaN, NaN, NaN]
[NaN, NaN, NaN, NaN]
[NaN, NaN, NaN, NaN]
[NaN, NaN, NaN, NaN]
[NaN, NaN, NaN, NaN]
[NaN, NaN, NaN, NaN]
[NaN, NaN, NaN, NaN]
[NaN, NaN, NaN, NaN]
[NaN, NaN, NaN, NaN]
[NaN, NaN, NaN, NaN]
[NaN, NaN, NaN, NaN]
[0.53125, 0.06944444444444445, 0, 1.1627864356760247]
[0.53125, 0.06944444444444445, 0, 1.323006561059016]
[0.53125, 0.06944444444444445, 0, 1.3263643751192173]
[0.53125, 0.06944444444444445, 0, 1.642755421219703]
[0.53125, 0.06944444444444445, 0, 1.7175753187515832]
[0.53125, 0.06944444444444445, 0, 1.6346360772659294]
[0.53125, 0.06944444444444445, 0, 1.656155686524419]
[0.53125, 0.06944444444444445, 0, 1.8535822011568357]
[0.53125, 0.06944444444444445, 0, 2.009680187528109]
[0.528125, 0.09722222222222222, 0, 2.1980286786133214]
[0.528125, 0.09722222222222222, 0, 2.199990412771279]
[0.5125, 0.09722222222222222, 0, 2.1892927103316704]
[0.5125, 0.09722222222222222, 0, 2.169526595126977]
[0.496875, 0.125, 0, 2.1768560464265447]
[0.496875, 0.125, 0, 1.8489118290622975]
[0.48125, 0.125, 0, 2.1759281787294773]
[NaN, NaN, NaN, NaN]
[NaN, NaN, NaN, NaN]
[NaN, NaN, NaN, NaN]
[0.453125, 0.09722222222222222, 0, 2.243300215632761]
[0.453125, 0.125, 0, 2.1965989336230134]
[0.453125, 0.125, 0, 2.274886629954217]
[0.453125, 0.125, 0, 2.155390573072315]
[0.453125, 0.125, 0, 1.851891352935082]
[NaN, NaN, NaN, NaN]
[NaN, NaN, NaN, NaN]
[NaN, NaN, NaN, NaN]
[NaN, NaN, NaN, NaN]
[NaN, NaN, NaN, NaN]
[NaN, NaN, NaN, NaN]
[NaN, NaN, NaN, NaN]
[NaN, NaN, NaN, NaN]
[NaN, NaN, NaN, NaN]
[NaN, NaN, NaN, NaN]
[NaN, NaN, NaN, NaN]
[0.48125, 0.1527777777777778, 0, 2.188025968630167]
[0.48125, 0.1527777777777778, 0, 2.0599966393998232]
[0.496875, 0.1527777777777778, 0, 1.9757339736209312]
[0.496875, 0.1527777777777778, 0, 1.9425868145194005]
[0.496875, 0.1527777777777778, 0, 2.0133972541465868]
[0.496875, 0.1527777777777778, 0, 2.1021407001428245]
[0.5125, 0.1527777777777778, 0, 2.1107745636580457]
[0.5125, 0.18055555555555555, 0, 2.157109474369088]
[0.5125, 0.18055555555555555, 0, 2.0438821044249966]
[0.5125, 0.18055555555555555, 0, 2.0186451179196294]
[0.5125, 0.18055555555555555, 0, 2.012623949827417]
[0.5125, 0.18055555555555555, 0, 2.0859933730931592]
[0.5125, 0.18055555555555555, 0, 1.882255971290413]
[0.5125, 0.18055555555555555, 0, 2.2225882066964435]
[0.496875, 0.18055555555555555, 0, 2.2514727478346193]
[0.496875, 0.18055555555555555, 0, 2.614733141320341]
[0.496875, 0.18055555555555555, 0, 2.2081486019421996]
[NaN, NaN, NaN, NaN]
[0.48125, 0.18055555555555555, 0, 2.2498588221351206]
[0.48125, 0.18055555555555555, 0, 2.4211830549511655]
[0.48125, 0.18055555555555555, 0, 2.417459378840329]
[NaN, NaN, NaN, NaN]
[0.48125, 0.18055555555555555, 0, 2.151373890403531]
[0.496875, 0.1527777777777778, 0, 2.021628663076761]
[0.496875, 0.18055555555555555, 0, 2.1962904095808797]
[0.496875, 0.18055555555555555, 0, 2.2287575757033404]
[0.5125, 0.1527777777777778, 0, 1.9393251191524554]
[0.5125, 0.1527777777777778, 0, 2.080121887799064]
[0.5125, 0.18055555555555555, 0, 2.5291975120046275]
[0.5125, 0.18055555555555555, 0, 2.533007963798366]
[0.5125, 0.18055555555555555, 0, 2.355464490242808]
[0.5125, 0.1527777777777778, 0, 2.244606623494809]
[0.5125, 0.1527777777777778, 0, 2.2711329870177868]
[0.5125, 0.1527777777777778, 0, 1.8423440114053753]
[0.5125, 0.1527777777777778, 0, 2.057686658527664]
[0.5125, 0.1527777777777778, 0, 2.104067182932422]
[0.5125, 0.1527777777777778, 0, 2.385575575521689]
[0.5125, 0.1527777777777778, 0, 2.1928636563702293]
[0.5125, 0.1527777777777778, 0, 2.108147873095292]
[0.496875, 0.1527777777777778, 0, 2.1956465688164744]
[0.496875, 0.1527777777777778, 0, 2.2481635064341225]
[0.496875, 0.1527777777777778, 0, 1.9860482504257344]
[0.496875, 0.1527777777777778, 0, 1.791037947951969]
[0.496875, 0.1527777777777778, 0, 2.1032762206791373]
[0.496875, 0.1527777777777778, 0, 1.9497803803120408]
[0.496875, 0.1527777777777778, 0, 2.1735656160955212]
[0.496875, 0.1527777777777778, 0, 1.9473716852093672]
[0.496875, 0.125, 0, 1.849835007073253]
[0.496875, 0.1527777777777778, 0, 1.7092436686524517]
[0.496875, 0.1527777777777778, 0, 1.697244048200339]
[0.496875, 0.1527777777777778, 0, 1.7809356854986522]
[0.496875, 0.125, 0, 1.831586913163098]
[0.48125, 0.125, 0, 1.8997476985972896]
[0.48125, 0.125, 0, 2.244211552962783]
[0.48125, 0.125, 0, 2.411948672781825]
[0.48125, 0.125, 0, 2.4689267066144476]
[0.48125, 0.125, 0, 2.0312232496345057]
[0.48125, 0.125, 0, 1.8242368575721508]
[0.48125, 0.125, 0, 1.81684392846464]
[NaN, NaN, NaN, NaN]
[NaN, NaN, NaN, NaN]
[NaN, NaN, NaN, NaN]
[0.453125, 0.09722222222222222, 0, 1.5878888073604929]
[0.453125, 0.09722222222222222, 0, 1.784236013859253]
[0.453125, 0.125, 0, 2.1500235720855914]
[0.453125, 0.09722222222222222, 0, 2.401820515102102]
[0.453125, 0.09722222222222222, 0, 2.123608858411501]
[0.453125, 0.09722222222222222, 0, 2.4276297214488554]
[0.453125, 0.09722222222222222, 0, 2.7602988394188417]
[0.453125, 0.09722222222222222, 0, 2.543003249470353]
[0.453125, 0.125, 0, 2.390873561878103]
[0.453125, 0.125, 0, 1.8598142073806934]
[0.4375, 0.125, 0, 2.1280406072845404]
[0.4375, 0.125, 0, 2.4731712273876862]
[0.4375, 0.09722222222222222, 0, 2.0765190499328248]
[0.421875, 0.09722222222222222, 0, 1.8029044726510894]
[0.421875, 0.125, 0, 2.5333185906130353]
[0.421875, 0.125, 0, 2.41708524287462]
[0.421875, 0.125, 0, 2.2422290395462143]
[0.40625, 0.125, 0, 2.304424201432073]
[0.40625, 0.125, 0, 2.49288988389097]
[0.40625, 0.125, 0, 2.1889582392373037]
[0.40625, 0.1527777777777778, 0, 1.8852614316431617]
[0.40625, 0.125, 0, 1.9651997523431335]
[NaN, NaN, NaN, NaN]
[NaN, NaN, NaN, NaN]
[NaN, NaN, NaN, NaN]
[NaN, NaN, NaN, NaN]
[0.378125, 0.1527777777777778, 0, 1.9279748741773444]
[0.378125, 0.1527777777777778, 0, 2.2643642547564924]
[0.378125, 0.1527777777777778, 0, 2.2010857595232816]
[0.378125, 0.1527777777777778, 0, 2.57485356758781]
[0.378125, 0.1527777777777778, 0, 2.9494401984299876]
[0.378125, 0.1527777777777778, 0, 2.3193395336181055]
[0.378125, 0.1527777777777778, 0, 2.499329533240284]
[0.378125, 0.18055555555555555, 0, 2.4449745668688547]
[0.378125, 0.18055555555555555, 0, 2.5169802210262953]
[0.378125, 0.18055555555555555, 0, 2.003912823339938]
[0.378125, 0.20833333333333334, 0, 1.9726298087055423]
[0.378125, 0.20833333333333334, 0, 2.062853955352139]
[0.378125, 0.18055555555555555, 0, 2.377046427765999]
[0.378125, 0.1527777777777778, 0, 2.3019227887527194]
[0.378125, 0.20833333333333334, 0, 2.2677761816085438]
[0.378125, 0.20833333333333334, 0, 2.3584635925618476]
[NaN, NaN, NaN, NaN]
[0.4, 0.20833333333333334, 0, 2.560251462109198]
[0.40625, 0.20833333333333334, 0, 2.8670877712440768]
[0.421875, 0.18055555555555555, 0, 2.640184299200847]
[0.43125, 0.20833333333333334, 0, 2.803635119796191]
[0.446875, 0.20833333333333334, 0, 2.5778507336793504]
[0.4625, 0.18055555555555555, 0, 2.413252801803042]
[0.4625, 0.20833333333333334, 0, 1.9319988258863778]
[0.478125, 0.20833333333333334, 0, 2.2568096955526924]
[0.496875, 0.18055555555555555, 0, 2.027173445987938]
[0.496875, 0.18055555555555555, 0, 2.3956606317669236]
[0.496875, 0.20833333333333334, 0, 2.2644031479896]
[0.496875, 0.20833333333333334, 0, 2.5725209204862796]
[0.496875, 0.20833333333333334, 0, 2.607661914145462]
[0.496875, 0.20833333333333334, 0, 2.894423767582842]
[0.496875, 0.20833333333333334, 0, 2.778141325134016]
[0.48125, 0.20833333333333334, 0, 2.5591822939933033]
[0.48125, 0.20833333333333334, 0, 2.98547547722022]
[0.48125, 0.20833333333333334, 0, 2.9531161245902062]
[NaN, NaN, NaN, NaN]
[NaN, NaN, NaN, NaN]
[NaN, NaN, NaN, NaN]
[NaN, NaN, NaN, NaN]
[0.48125, 0.18055555555555555, 0, 2.365957686425326]
[0.48125, 0.20833333333333334, 0, 2.5784018540926015]
[0.48125, 0.20833333333333334, 0, 2.5380533136149204]
[0.48125, 0.18055555555555555, 0, 2.6793036925771716]
[0.48125, 0.18055555555555555, 0, 2.8409437152534927]
[0.48125, 0.1527777777777778, 0, 3.4571732563476987]
[NaN, NaN, NaN, NaN]
[NaN, NaN, NaN, NaN]
[NaN, NaN, NaN, NaN]
[0.453125, 0.18055555555555555, 0, 2.8109294749183174]
[0.453125, 0.1527777777777778, 0, 2.865439682026879]
[0.4375, 0.18055555555555555, 0, 2.6049253228093785]
[0.4375, 0.1527777777777778, 0, 2.683531674251327]
[0.4375, 0.1527777777777778, 0, 2.75167314170177]
[0.4375, 0.1527777777777778, 0, 2.75198382541896]
[0.4375, 0.1527777777777778, 0, 2.771119989560632]
[0.4375, 0.1527777777777778, 0, 2.486098886597172]
[0.4375, 0.18055555555555555, 0, 2.5455474203280235]
[0.4375, 0.18055555555555555, 0, 2.1524054382384756]
[0.421875, 0.18055555555555555, 0, 2.550213569866751]
[0.421875, 0.1527777777777778, 0, 2.4034323638747463]
[0.421875, 0.1527777777777778, 0, 2.1748884795093804]
[0.421875, 0.1527777777777778, 0, 2.589594850568564]
[0.421875, 0.1527777777777778, 0, 2.4676213847979467]
[0.421875, 0.1527777777777778, 0, 2.4904233294755556]
[0.421875, 0.18055555555555555, 0, 2.7037740536181505]
[0.421875, 0.18055555555555555, 0, 3.0043027443433776]
[0.421875, 0.1527777777777778, 0, 2.613117494435918]
[0.421875, 0.1527777777777778, 0, 2.563146773100618]
[0.421875, 0.1527777777777778, 0, 2.5656715051790613]
[0.421875, 0.1527777777777778, 0, 2.5587733916889888]
[0.421875, 0.1527777777777778, 0, 2.6404545420045817]
[0.421875, 0.1527777777777778, 0, 2.6183905054762424]
[0.421875, 0.1527777777777778, 0, 2.288547466828083]
[0.421875, 0.18055555555555555, 0, 2.6209984653679306]
[0.421875, 0.18055555555555555, 0, 2.6083528559469427]
[0.421875, 0.18055555555555555, 0, 2.508023892865171]
[0.421875, 0.1527777777777778, 0, 3.0457441800131737]
[0.421875, 0.1527777777777778, 0, 2.9680652378305665]
[0.421875, 0.1527777777777778, 0, 2.907697621657622]
[0.421875, 0.1527777777777778, 0, 2.6929223293184]
[0.421875, 0.18055555555555555, 0, 2.649484488796925]
[0.4375, 0.1527777777777778, 0, 2.4048379971767218]
[0.4375, 0.1527777777777778, 0, 2.6507391944767456]
[0.4375, 0.1527777777777778, 0, 2.607273816843623]
[0.4375, 0.125, 0, 2.2608126030073943]
[0.4375, 0.1527777777777778, 0, 2.2587580677065224]
[0.4375, 0.125, 0, 2.263215437582903]
[0.4375, 0.125, 0, 2.318097357564562]
[0.4375, 0.125, 0, 2.3493486016874274]
[0.4375, 0.125, 0, 2.3870496086969846]
[0.453125, 0.125, 0, 2.5348791833247724]
[0.453125, 0.125, 0, 2.37927020654825]
[0.4375, 0.125, 0, 2.2435375326227067]
[0.4375, 0.1527777777777778, 0, 2.495876642381249]
[0.4375, 0.125, 0, 2.4783969954337275]
[0.4375, 0.125, 0, 2.4106919262888713]
[0.4375, 0.125, 0, 2.5542381108077077]
[0.4375, 0.125, 0, 2.60891928439508]
[0.4375, 0.125, 0, 2.6760409563850303]
[0.4375, 0.125, 0, 2.3204075474745274]
[0.4375, 0.125, 0, 2.140196937028012]
[0.453125, 0.09722222222222222, 0, 2.3216125570382906]
[0.453125, 0.09722222222222222, 0, 2.7353156112883426]
[NaN, NaN, NaN, NaN]
[0.48125, 0.09722222222222222, 0, 2.655803319823336]
[0.496875, 0.09722222222222222, 0, 2.7392514421617995]
[0.496875, 0.09722222222222222, 0, 3.008855738509027]
[0.5125, 0.09722222222222222, 0, 2.8612428797763605]
[0.5125, 0.09722222222222222, 0, 2.8223794152193737]
[0.5125, 0.09722222222222222, 0, 2.351674110458682]
[0.496875, 0.09722222222222222, 0, 3.0767884969809978]
[0.496875, 0.09722222222222222, 0, 2.9918810017333755]
[0.496875, 0.09722222222222222, 0, 2.7118776311079933]
[0.48125, 0.09722222222222222, 0, 2.9556325004134356]
[0.48125, 0.06944444444444445, 0, 1.7959944023921597]
[0.48125, 0.06944444444444445, 0, 1.344218950974091]
[0.453125, 0.125, 0, 1.7455276022361004]
[0.453125, 0.09722222222222222, 0, 2.656528952176114]
[0.453125, 0.09722222222222222, 0, 2.702705854923038]
[0.453125, 0.09722222222222222, 0, 2.737895442873714]
[0.453125, 0.09722222222222222, 0, 2.9258572488226195]
[0.453125, 0.125, 0, 2.323332960905935]
[NaN, NaN, NaN, NaN]
[0.48125, 0.06944444444444445, 0, 1.6933731147148559]
[0.48125, 0.06944444444444445, 0, 1.9068265586839284]
[0.48125, 0.09722222222222222, 0, 2.641573425655097]
[0.496875, 0.09722222222222222, 0, 3.1619171981650314]
[0.496875, 0.09722222222222222, 0, 3.1575272912907777]
[0.5125, 0.09722222222222222, 0, 3.2033899787483713]
[0.5125, 0.09722222222222222, 0, 2.9863652006181813]
[0.528125, 0.09722222222222222, 0, 2.4889071149048956]
[0.528125, 0.09722222222222222, 0, 3.139090573916365]
[0.528125, 0.125, 0, 2.5063923915553667]
[0.528125, 0.09722222222222222, 0, 1.6080737970988972]
[NaN, NaN, NaN, NaN]
[NaN, NaN, NaN, NaN]
[NaN, NaN, NaN, NaN]
[NaN, NaN, NaN, NaN]
[NaN, NaN, NaN, NaN]
[NaN, NaN, NaN, NaN]
[NaN, NaN, NaN, NaN]
[0.528125, 0.125, 0, 2.6914404758975827]
[0.528125, 0.125, 0, 2.9283544520276314]
[0.528125, 0.125, 0, 2.9323549799320148]
[0.528125, 0.125, 0, 2.5678148901697186]
[0.528125, 0.125, 0, 2.7375249497162892]
[0.528125, 0.125, 0, 2.7861090409680718]
[0.528125, 0.125, 0, 2.6866769105407418]
[0.528125, 0.125, 0, 2.7199709815675632]
[0.528125, 0.1527777777777778, 0, 2.8195154705125525]
[0.528125, 0.125, 0, 2.498119046011585]
[0.528125, 0.125, 0, 2.724565244773782]
[0.528125, 0.1527777777777778, 0, 2.6214643260348245]
[0.528125, 0.1527777777777778, 0, 2.6606956115299383]
[0.528125, 0.1527777777777778, 0, 2.461991668118019]
[0.528125, 0.18055555555555555, 0, 2.3520179295676904]
[0.528125, 0.1527777777777778, 0, 2.5497063596507417]
[0.5125, 0.1527777777777778, 0, 2.382323128588285]
[0.5125, 0.1527777777777778, 0, 2.908529148159905]
[0.5125, 0.1527777777777778, 0, 2.806590400702274]
[0.5125, 0.1527777777777778, 0, 2.72060340406706]
[0.5125, 0.18055555555555555, 0, 2.5570569737414037]
[0.5125, 0.1527777777777778, 0, 2.6059855061168897]
[0.5125, 0.18055555555555555, 0, 2.6419885356902992]
[0.5125, 0.18055555555555555, 0, 2.4249474462975]
[0.528125, 0.1527777777777778, 0, 2.5932059168703776]
[0.528125, 0.18055555555555555, 0, 2.3916556179165864]
[NaN, NaN, NaN, NaN]
[0.54375, 0.18055555555555555, 0, 2.5866976544839004]
[0.54375, 0.18055555555555555, 0, 2.1756506742418376]
[0.55625, 0.18055555555555555, 0, 2.5905480785722097]
[0.55625, 0.18055555555555555, 0, 2.3265273401328965]
[0.559375, 0.20833333333333334, 0, 2.304007818944248]
[0.55625, 0.18055555555555555, 0, 2.377395787075101]
[0.55625, 0.18055555555555555, 0, 2.732295463412327]
[0.54375, 0.20833333333333334, 0, 2.4718272057231125]
[0.54375, 0.20833333333333334, 0, 2.66862230747681]
[0.54375, 0.20833333333333334, 0, 2.696474248879312]
[0.54375, 0.20833333333333334, 0, 2.5096073720494543]
[0.528125, 0.20833333333333334, 0, 2.5434563333984217]
[0.528125, 0.20833333333333334, 0, 2.544985040418011]
[0.528125, 0.20833333333333334, 0, 2.8065843315417953]
[0.528125, 0.20833333333333334, 0, 2.8472174837370523]
[0.528125, 0.20833333333333334, 0, 2.593179930673823]
[0.528125, 0.20833333333333334, 0, 2.3113017548421304]
[0.528125, 0.20833333333333334, 0, 2.365272129765935]
[0.528125, 0.20833333333333334, 0, 2.422003571399584]
[0.528125, 0.20833333333333334, 0, 2.140346556904327]
[0.528125, 0.20833333333333334, 0, 2.280892842462827]
[0.528125, 0.18055555555555555, 0, 2.0233720341491974]
[0.528125, 0.18055555555555555, 0, 2.3904070305605805]
[0.5125, 0.18055555555555555, 0, 2.467471688268766]
[0.5125, 0.20833333333333334, 0, 2.7300177118479927]
[0.5125, 0.20833333333333334, 0, 2.2234383812853817]
[0.5125, 0.18055555555555555, 0, 2.4667151102481455]
[0.5125, 0.20833333333333334, 0, 1.975412332854679]
[0.496875, 0.20833333333333334, 0, 2.150347288349172]
[0.496875, 0.20833333333333334, 0, 2.3028045178729455]
[0.496875, 0.18055555555555555, 0, 2.426526986442637]
[0.496875, 0.20833333333333334, 0, 2.239451263715727]
[0.496875, 0.18055555555555555, 0, 2.679689527053552]
[0.496875, 0.18055555555555555, 0, 1.8816738664917907]
[0.5125, 0.18055555555555555, 0, 2.255050706032258]
[0.5125, 0.18055555555555555, 0, 2.5741063619188034]
[0.5125, 0.18055555555555555, 0, 2.473654480388953]
[0.528125, 0.20833333333333334, 0, 1.933992079173845]
[0.528125, 0.1527777777777778, 0, 2.1370353499075025]
[0.528125, 0.1527777777777778, 0, 2.1360483273968516]
[NaN, NaN, NaN, NaN]
[NaN, NaN, NaN, NaN]
[NaN, NaN, NaN, NaN]
[NaN, NaN, NaN, NaN]
[NaN, NaN, NaN, NaN]
[NaN, NaN, NaN, NaN]
[NaN, NaN, NaN, NaN]
[NaN, NaN, NaN, NaN]
[0.528125, 0.1527777777777778, 0, 1.498833203066393]
[0.528125, 0.1527777777777778, 0, 1.4972657901541049]
[NaN, NaN, NaN, NaN]
[NaN, NaN, NaN, NaN]
[NaN, NaN, NaN, NaN]
[0.55625, 0.18055555555555555, 0, 1.8708583410097896]
[0.55625, 0.125, 0, 1.8392750009209957]
[0.55625, 0.1527777777777778, 0, 1.68518109158345]
[0.571875, 0.18055555555555555, 0, 2.029805091782519]
[0.571875, 0.125, 0, 2.089620875157677]
[0.5875, 0.125, 0, 1.7930652519554953]
[0.5875, 0.125, 0, 2.522500162552521]
[0.5875, 0.18055555555555555, 0, 1.9501476462504719]
[0.603125, 0.125, 0, 1.8088364609620002]
[0.603125, 0.125, 0, 1.8123529344173968]
[0.603125, 0.1527777777777778, 0, 1.9695091523785708]
[0.603125, 0.125, 0, 1.6040256084921467]
[0.603125, 0.125, 0, 1.584767281712321]
[0.603125, 0.18055555555555555, 0, 1.4083042224515625]
[NaN, NaN, NaN, NaN]
[NaN, NaN, NaN, NaN]
[NaN, NaN, NaN, NaN]
[NaN, NaN, NaN, NaN]
[NaN, NaN, NaN, NaN]
[NaN, NaN, NaN, NaN]
[0.603125, 0.125, 0, 1.2777490446782247]
[0.603125, 0.125, 0, 1.3500927741893212]
[0.603125, 0.125, 0, 2.0988887394299987]
[0.603125, 0.125, 0, 2.1637257944509396]
[0.603125, 0.125, 0, 1.8724197018446016]
[0.5875, 0.09722222222222222, 0, 2.1558700329598617]
[0.5875, 0.09722222222222222, 0, 1.8942478837449237]
[0.571875, 0.09722222222222222, 0, 2.422616404685727]
[0.571875, 0.09722222222222222, 0, 2.6571134546450055]
[0.571875, 0.09722222222222222, 0, 2.2125154874042665]
[0.571875, 0.125, 0, 1.7532342011868385]
[0.55625, 0.125, 0, 1.7766966177786123]
[0.571875, 0.125, 0, 1.756221961096441]
[0.571875, 0.09722222222222222, 0, 1.6116419734093739]
[0.571875, 0.09722222222222222, 0, 2.0316245445384284]
[0.571875, 0.09722222222222222, 0, 2.2215929333558755]
[0.58125, 0.06944444444444445, 0, 1.96329667305931]
[0.5875, 0.09722222222222222, 0, 2.568775298080459]
[0.5875, 0.09722222222222222, 0, 1.8486506905394042]
[0.603125, 0.125, 0, 1.880381082889041]
[0.603125, 0.125, 0, 1.7485169120284365]
[0.603125, 0.06944444444444445, 0, 2.0001573267463773]
[0.603125, 0.09722222222222222, 0, 1.7409961913161014]
[0.5875, 0.09722222222222222, 0, 1.948466336898966]
[0.5875, 0.09722222222222222, 0, 2.0220549781613726]
[0.571875, 0.125, 0, 2.1954100023968754]
[0.571875, 0.125, 0, 1.9666217955133327]
[0.55625, 0.125, 0, 2.0306352643406544]
[0.55625, 0.09722222222222222, 0, 1.8337298670701918]
[0.55625, 0.125, 0, 1.646522147793768]
[0.55625, 0.125, 0, 1.7915843196262544]
[0.55625, 0.1527777777777778, 0, 1.9091457199987267]
[0.55625, 0.125, 0, 1.6292344888760761]
[0.5875, 0.1527777777777778, 0, 1.7723945886690122]
[0.5875, 0.18055555555555555, 0, 1.9432978477560974]
[0.603125, 0.18055555555555555, 0, 2.239196367900798]
[NaN, NaN, NaN, NaN]
[0.625, 0.18055555555555555, 0, 2.352133561379481]
[0.625, 0.20833333333333334, 0, 2.4936445741026256]
[0.625, 0.20833333333333334, 0, 2.1470687614436663]
[0.609375, 0.20833333333333334, 0, 2.179466675589334]
[0.603125, 0.20833333333333334, 0, 2.3150425271492465]
[0.590625, 0.2361111111111111, 0, 2.064679265838538]
[0.58125, 0.24722222222222223, 0, 1.822706584494848]
[0.575, 0.2361111111111111, 0, 2.5572575527278616]
[0.575, 0.2361111111111111, 0, 1.9135427141883328]
[0.559375, 0.2361111111111111, 0, 2.6171455836366695]
[0.559375, 0.2361111111111111, 0, 2.4600802248079354]
[0.559375, 0.2361111111111111, 0, 2.3438596955509596]
[0.559375, 0.2638888888888889, 0, 2.821612892175409]
[0.559375, 0.2916666666666667, 0, 2.81355545295241]
[0.575, 0.2916666666666667, 0, 2.2482176116756976]
[0.575, 0.3194444444444444, 0, 2.548214594748692]
[0.575, 0.3194444444444444, 0, 2.559280459000308]
[0.575, 0.2916666666666667, 0, 2.4940515846462152]
[0.575, 0.2916666666666667, 0, 2.0483778473536853]
[0.575, 0.2916666666666667, 0, 2.500529381131817]
[0.575, 0.2916666666666667, 0, 2.442709815809597]
[0.559375, 0.3194444444444444, 0, 2.1646430524100917]
[0.559375, 0.3194444444444444, 0, 2.0851770166084322]
[0.559375, 0.2916666666666667, 0, 1.740052206158586]
[0.559375, 0.2916666666666667, 0, 1.610567442039924]
[0.54375, 0.2916666666666667, 0, 2.061917101728967]
[0.54375, 0.3194444444444444, 0, 2.374299159037877]
[0.54375, 0.3194444444444444, 0, 2.1081164596029485]
[0.559375, 0.3194444444444444, 0, 2.089515649981089]
[0.559375, 0.3194444444444444, 0, 2.9767519819014137]
[0.575, 0.3472222222222222, 0, 2.1678376448344556]
[0.575, 0.3194444444444444, 0, 2.679923151399609]
[0.575, 0.3194444444444444, 0, 2.2501219317244745]
[NaN, NaN, NaN, NaN]
[NaN, NaN, NaN, NaN]
[NaN, NaN, NaN, NaN]
[0.603125, 0.33611111111111114, 0, 2.346883259768312]
[0.609375, 0.3194444444444444, 0, 2.5012872634908274]
[0.609375, 0.3194444444444444, 0, 2.1986538136878537]
[0.609375, 0.3194444444444444, 0, 2.5180031997271155]
[0.609375, 0.3194444444444444, 0, 2.2540515760180604]
[0.609375, 0.3194444444444444, 0, 2.6773097396600525]
[0.609375, 0.3194444444444444, 0, 2.624627119205138]
[NaN, NaN, NaN, NaN]
[NaN, NaN, NaN, NaN]
[NaN, NaN, NaN, NaN]
[NaN, NaN, NaN, NaN]
[NaN, NaN, NaN, NaN]
[NaN, NaN, NaN, NaN]
[NaN, NaN, NaN, NaN]
[NaN, NaN, NaN, NaN]
[NaN, NaN, NaN, NaN]
[NaN, NaN, NaN, NaN]
[NaN, NaN, NaN, NaN]
[NaN, NaN, NaN, NaN]
[NaN, NaN, NaN, NaN]
[NaN, NaN, NaN, NaN]
[NaN, NaN, NaN, NaN]
[0.590625, 0.3194444444444444, 0, 2.72385720551881]
[0.575, 0.3194444444444444, 0, 2.1876159803805697]
[0.575, 0.3472222222222222, 0, 2.507693320512729]
[0.559375, 0.3472222222222222, 0, 2.412234853656842]
[0.559375, 0.3472222222222222, 0, 2.7370880668581274]
[0.559375, 0.3472222222222222, 0, 2.7658063067185985]
[0.559375, 0.3194444444444444, 0, 2.0962333544667415]
[0.575, 0.3194444444444444, 0, 2.4513020954947655]
[0.575, 0.3194444444444444, 0, 2.5764923726571216]
[0.5875, 0.33611111111111114, 0, 2.4238720530597138]
[0.5875, 0.33611111111111114, 0, 2.4255131313086045]
[0.590625, 0.3472222222222222, 0, 2.244803910066148]
[NaN, NaN, NaN, NaN]
[0.590625, 0.3194444444444444, 0, 2.2236133905073916]
[0.590625, 0.3194444444444444, 0, 2.18642901219108]
[0.590625, 0.3194444444444444, 0, 1.9980761630360135]
[0.575, 0.3194444444444444, 0, 2.005128223900741]
[0.575, 0.3472222222222222, 0, 1.7280195410585246]
[0.575, 0.3472222222222222, 0, 2.535239954656892]
[0.575, 0.3472222222222222, 0, 2.2636610000642032]
[0.575, 0.3194444444444444, 0, 1.952866068128947]
[0.575, 0.3194444444444444, 0, 1.8506028716635756]
[0.575, 0.3194444444444444, 0, 2.2096771503180124]
[0.571875, 0.33611111111111114, 0, 2.2675924429021124]
[NaN, NaN, NaN, NaN]
[0.571875, 0.33611111111111114, 0, 2.3569983522348794]
[0.571875, 0.33611111111111114, 0, 2.4049974136075383]
[0.571875, 0.33611111111111114, 0, 2.196655509575179]
[0.575, 0.3194444444444444, 0, 2.224413290606515]
[0.575, 0.3194444444444444, 0, 1.861193899165151]
[0.575, 0.3194444444444444, 0, 1.2886553593456365]
[0.559375, 0.3194444444444444, 0, 1.976332128927701]
[0.559375, 0.3472222222222222, 0, 2.5862581521941475]
[0.559375, 0.3472222222222222, 0, 2.1041899871301246]
[0.54375, 0.3194444444444444, 0, 2.1392598368954983]
[0.54375, 0.3194444444444444, 0, 1.836292231532547]
[0.528125, 0.3194444444444444, 0, 2.3307149731478547]
[NaN, NaN, NaN, NaN]
[NaN, NaN, NaN, NaN]
[NaN, NaN, NaN, NaN]
[NaN, NaN, NaN, NaN]
[0.496875, 0.3194444444444444, 0, 2.6236292513409385]
[NaN, NaN, NaN, NaN]
[NaN, NaN, NaN, NaN]
[0.5125, 0.2916666666666667, 0, 2.5945185466302605]
[NaN, NaN, NaN, NaN]
[0.528125, 0.2916666666666667, 0, 2.462271105745937]
[0.54375, 0.2916666666666667, 0, 2.334795036150089]
[0.54375, 0.2916666666666667, 0, 3.0305304129931168]
[0.54375, 0.2916666666666667, 0, 2.3817333037238155]
[0.559375, 0.2916666666666667, 0, 2.5866653340209873]
[0.559375, 0.2916666666666667, 0, 2.281285703722149]
[0.559375, 0.2916666666666667, 0, 2.3808367783519047]
[0.559375, 0.2916666666666667, 0, 2.2266437452773857]
[0.54375, 0.2916666666666667, 0, 2.3808249618712622]
[0.54375, 0.2916666666666667, 0, 2.4730334387476156]
[0.528125, 0.2916666666666667, 0, 2.445098402829855]
[0.528125, 0.2916666666666667, 0, 2.584206193685274]
[0.528125, 0.2916666666666667, 0, 2.561569170095311]
[0.528125, 0.2638888888888889, 0, 2.5577158979333254]
[0.528125, 0.2638888888888889, 0, 2.717828721820619]
[0.528125, 0.2638888888888889, 0, 2.487858228770343]
[0.528125, 0.2638888888888889, 0, 2.6453894123858444]
[0.54375, 0.2638888888888889, 0, 2.574028095197614]
[0.54375, 0.2638888888888889, 0, 2.5556387676482615]
[0.559375, 0.2638888888888889, 0, 2.695589670044919]
[0.575, 0.2638888888888889, 0, 2.3579953732429537]
[0.58125, 0.24722222222222223, 0, 1.2167605466051041]
[NaN, NaN, NaN, NaN]
[0.63125, 0.24722222222222223, 0, 1.2821080405661525]
[0.63125, 0.24722222222222223, 0, 2.3284859589770375]
[0.625, 0.2638888888888889, 0, 2.7870565483967926]
[0.63125, 0.24722222222222223, 0, 2.211658858766206]
[0.640625, 0.2638888888888889, 0, 2.953551445256906]
[0.640625, 0.2638888888888889, 0, 2.9157346498839005]
[0.640625, 0.2638888888888889, 0, 2.876434993211077]
[0.65625, 0.2638888888888889, 0, 2.576955950087307]
[0.65625, 0.2638888888888889, 0, 2.59229031525671]
[0.65625, 0.2638888888888889, 0, 2.5887901273892076]
[0.65625, 0.2638888888888889, 0, 2.489016792389819]
[NaN, NaN, NaN, NaN]
[0.68125, 0.24722222222222223, 0, 1.5127110453488466]
[0.68125, 0.24722222222222223, 0, 1.671663628516135]
[0.68125, 0.24722222222222223, 0, 1.844220943396344]
[0.68125, 0.24722222222222223, 0, 1.8254303408581796]
[0.68125, 0.24722222222222223, 0, 1.3078438125204872]
[0.65625, 0.2361111111111111, 0, 2.340566480238332]
[0.65625, 0.2361111111111111, 0, 2.367281077071822]
[0.65625, 0.2361111111111111, 0, 2.521505218443411]
[NaN, NaN, NaN, NaN]
[0.63125, 0.24722222222222223, 0, 2.069005622523727]
[0.63125, 0.24722222222222223, 0, 2.409534376926465]
[0.625, 0.2361111111111111, 0, 2.3061633711600904]
[0.609375, 0.2361111111111111, 0, 2.233925364833416]
[NaN, NaN, NaN, NaN]
[0.603125, 0.20833333333333334, 0, 2.264087976069598]
[0.5875, 0.2361111111111111, 0, 2.7677989294064242]
[0.5875, 0.20833333333333334, 0, 2.5713852995897537]
[0.571875, 0.20833333333333334, 0, 2.4663482632390266]
[0.571875, 0.20833333333333334, 0, 2.841602395858589]
[NaN, NaN, NaN, NaN]
[NaN, NaN, NaN, NaN]
[NaN, NaN, NaN, NaN]
[NaN, NaN, NaN, NaN]
[0.55625, 0.20833333333333334, 0, 2.8699961791341444]
[NaN, NaN, NaN, NaN]
[NaN, NaN, NaN, NaN]
[NaN, NaN, NaN, NaN]
[NaN, NaN, NaN, NaN]
[0.528125, 0.18055555555555555, 0, 2.3840120249960095]
[0.528125, 0.18055555555555555, 0, 2.9168393552134315]
[0.528125, 0.18055555555555555, 0, 2.416648763504838]
[0.5125, 0.18055555555555555, 0, 2.4109750929740876]
[0.5125, 0.18055555555555555, 0, 2.438934123895802]
[0.528125, 0.1527777777777778, 0, 2.3470535969395003]
[0.528125, 0.1527777777777778, 0, 2.8934586750687323]
[0.528125, 0.1527777777777778, 0, 2.748941163036966]
[NaN, NaN, NaN, NaN]
[0.55625, 0.1527777777777778, 0, 2.837618866617938]
[0.55625, 0.1527777777777778, 0, 2.7976266889268935]
[0.571875, 0.1527777777777778, 0, 2.9369692853792726]
[0.571875, 0.1527777777777778, 0, 2.8351540420365304]
[0.571875, 0.1527777777777778, 0, 2.8316012041785346]
[0.5875, 0.1527777777777778, 0, 2.475743852154797]
[0.5875, 0.1527777777777778, 0, 2.372887995361368]
[0.5875, 0.1527777777777778, 0, 2.590086554273561]
[0.5875, 0.1527777777777778, 0, 2.838318466707714]
[0.5875, 0.1527777777777778, 0, 2.4967133337440175]
