[0.4375, 0.1527777777777778, 0, 2.661140538945493]
[0.4375, 0.18055555555555555, 0, 2.0211807105127653]
[0.4375, 0.18055555555555555, 0, 2.377883452852962]
[0.4375, 0.18055555555555555, 0, 1.957597544535813]
[0.4375, 0.18055555555555555, 0, 1.7796981760953094]
[0.4375, 0.1527777777777778, 0, 1.6264254684165849]
[0.4375, 0.18055555555555555, 0, 1.6849360979877515]
[0.4375, 0.18055555555555555, 0, 1.6596709481687681]
[0.4375, 0.18055555555555555, 0, 1.9076785757073027]
[0.4375, 0.18055555555555555, 0, 1.7915904886733613]
[0.4375, 0.1527777777777778, 0, 1.2459183945292474]
[0.4375, 0.18055555555555555, 0, 1.1376447927343025]
[0.4375, 0.18055555555555555, 0, 1.4371098772901225]
[0.4375, 0.18055555555555555, 0, 1.2700480728783463]
[0.4375, 0.18055555555555555, 0, 1.2053307159164082]
[0.453125, 0.1527777777777778, 0, 1.465743470244139]
[0.453125, 0.18055555555555555, 0, 1.4910203009719518]
[0.453125, 0.18055555555555555, 0, 1.9422184927785373]
[0.453125, 0.18055555555555555, 0, 1.664868622858573]
[0.453125, 0.18055555555555555, 0, 1.6292833118403096]
[NaN, NaN, NaN, NaN]
[NaN, NaN, NaN, NaN]
[NaN, NaN, NaN, NaN]
[NaN, NaN, NaN, NaN]
[NaN, NaN, NaN, NaN]
[NaN, NaN, NaN, NaN]
[NaN, NaN, NaN, NaN]
[NaN, NaN, NaN, NaN]
[NaN, NaN, NaN, NaN]
[NaN, NaN, NaN, NaN]
[0.496875, 0.20833333333333334, 0, 2.349342451435102]
[0.496875, 0.20833333333333334, 0, 1.96808433159279]
[0.496875, 0.2361111111111111, 0, 1.8600195147230247]
[0.5125, 0.2361111111111111, 0, 1.5401263313233056]
[0.5125, 0.2361111111111111, 0, 1.5151713048233753]
[0.5125, 0.2361111111111111, 0, 1.3468078266064862]
[NaN, NaN, NaN, NaN]
[NaN, NaN, NaN, NaN]
[0.528125, 0.2361111111111111, 0, 2.0137348980738077]
[0.53125, 0.24722222222222223, 0, 1.95664904916797]
[0.53125, 0.24722222222222223, 0, 2.344268582531501]
[0.53125, 0.24722222222222223, 0, 1.8766433552580308]
[0.54375, 0.2638888888888889, 0, 2.475070039573188]
[0.54375, 0.2638888888888889, 0, 2.296590036497423]
[0.54375, 0.2638888888888889, 0, 1.787218515177987]
[0.559375, 0.2638888888888889, 0, 2.1157988597325845]
[0.559375, 0.2638888888888889, 0, 1.909854840746638]
[0.559375, 0.2638888888888889, 0, 1.4172985493324008]
[0.54375, 0.2638888888888889, 0, 1.865669783797092]
[0.53125, 0.24722222222222223, 0, 1.1533758946662396]
[0.5125, 0.2638888888888889, 0, 1.7372282546756843]
[0.48125, 0.24722222222222223, 0, 1.2640970659118484]
[0.478125, 0.2638888888888889, 0, 2.085582662615426]
[0.4625, 0.2638888888888889, 0, 1.9784355204574744]
[NaN, NaN, NaN, NaN]
[0.446875, 0.2916666666666667, 0, 1.8765410879748237]
[NaN, NaN, NaN, NaN]
[0.4625, 0.2916666666666667, 0, 1.4609668078161777]
[NaN, NaN, NaN, NaN]
[0.4625, 0.2916666666666667, 0, 1.7955945513024123]
[0.4625, 0.2916666666666667, 0, 2.013837806157549]
[0.478125, 0.2916666666666667, 0, 1.86544787292562]
[0.478125, 0.2916666666666667, 0, 2.06263113784935]
[0.48125, 0.24722222222222223, 0, 1.2094940220566648]
[0.48125, 0.24722222222222223, 0, 1.4434409955101506]
[NaN, NaN, NaN, NaN]
[NaN, NaN, NaN, NaN]
[NaN, NaN, NaN, NaN]
[0.496875, 0.2916666666666667, 0, 2.2363534767130884]
[NaN, NaN, NaN, NaN]
[NaN, NaN, NaN, NaN]
[NaN, NaN, NaN, NaN]
[NaN, NaN, NaN, NaN]
[NaN, NaN, NaN, NaN]
[NaN, NaN, NaN, NaN]
[NaN, NaN, NaN, NaN]
[NaN, NaN, NaN, NaN]
[0.48125, 0.24722222222222223, 0, 1.105826508025676]
[0.478125, 0.2916666666666667, 0, 2.35703046782577]
[0.4625, 0.2916666666666667, 0, 1.741665838703631]
[0.43125, 0.2916666666666667, 0, 2.425591755954885]
[NaN, NaN, NaN, NaN]
[NaN, NaN, NaN, NaN]
[NaN, NaN, NaN, NaN]
[NaN, NaN, NaN, NaN]
[NaN, NaN, NaN, NaN]
[NaN, NaN, NaN, NaN]
[NaN, NaN, NaN, NaN]
[NaN, NaN, NaN, NaN]
[NaN, NaN, NaN, NaN]
[NaN, NaN, NaN, NaN]
[NaN, NaN, NaN, NaN]
[NaN, NaN, NaN, NaN]
[NaN, NaN, NaN, NaN]
[NaN, NaN, NaN, NaN]
[NaN, NaN, NaN, NaN]
[NaN, NaN, NaN, NaN]
[NaN, NaN, NaN, NaN]
[NaN, NaN, NaN, NaN]
[NaN, NaN, NaN, NaN]
[0.43125, 0.24722222222222223, 0, 1.1880512445422482]
[0.43125, 0.24722222222222223, 0, 1.2603842775925866]
[0.43125, 0.24722222222222223, 0, 1.4291383231687798]
[0.43125, 0.24722222222222223, 0, 1.1740014738448827]
[NaN, NaN, NaN, NaN]
[NaN, NaN, NaN, NaN]
[NaN, NaN, NaN, NaN]
[NaN, NaN, NaN, NaN]
[NaN, NaN, NaN, NaN]
[NaN, NaN, NaN, NaN]
[0.48125, 0.24722222222222223, 0, 1.707092196539432]
[0.48125, 0.24722222222222223, 0, 2.430418632019693]
[0.48125, 0.24722222222222223, 0, 2.5462200032891324]
[0.48125, 0.24722222222222223, 0, 2.72892442564495]
[0.48125, 0.24722222222222223, 0, 2.654751503496254]
[0.48125, 0.24722222222222223, 0, 2.3819082729698797]
[0.48125, 0.24722222222222223, 0, 2.1907786962512956]
[NaN, NaN, NaN, NaN]
[NaN, NaN, NaN, NaN]
[NaN, NaN, NaN, NaN]
[NaN, NaN, NaN, NaN]
[0.43125, 0.24722222222222223, 0, 2.180796616033257]
[0.43125, 0.24722222222222223, 0, 2.511066455355315]
[0.43125, 0.24722222222222223, 0, 2.4980560694741007]
[0.43125, 0.24722222222222223, 0, 2.2376557816758087]
[0.43125, 0.24722222222222223, 0, 1.9880887929851816]
[0.43125, 0.24722222222222223, 0, 1.3701077732060147]
[0.43125, 0.24722222222222223, 0, 1.163775390754379]
[NaN, NaN, NaN, NaN]
[NaN, NaN, NaN, NaN]
[NaN, NaN, NaN, NaN]
[NaN, NaN, NaN, NaN]
[NaN, NaN, NaN, NaN]
[NaN, NaN, NaN, NaN]
[0.43125, 0.24722222222222223, 0, 1.5727555853085746]
[0.43125, 0.24722222222222223, 0, 1.548924489274244]
[0.43125, 0.24722222222222223, 0, 1.9592284162879194]
[0.43125, 0.24722222222222223, 0, 2.3374599574427393]
[0.43125, 0.24722222222222223, 0, 2.301962237526321]
[0.43125, 0.24722222222222223, 0, 2.3959030190147685]
[0.43125, 0.24722222222222223, 0, 2.159305596271009]
[0.43125, 0.24722222222222223, 0, 1.8347365877883177]
[0.43125, 0.24722222222222223, 0, 1.8840879999679252]
[0.43125, 0.24722222222222223, 0, 1.2116595228954512]
[NaN, NaN, NaN, NaN]
[NaN, NaN, NaN, NaN]
[NaN, NaN, NaN, NaN]
[NaN, NaN, NaN, NaN]
[NaN, NaN, NaN, NaN]
[NaN, NaN, NaN, NaN]
[NaN, NaN, NaN, NaN]
[0.4625, 0.2638888888888889, 0, 1.9773251339611393]
[0.4625, 0.2638888888888889, 0, 2.472130965393271]
[NaN, NaN, NaN, NaN]
[NaN, NaN, NaN, NaN]
[NaN, NaN, NaN, NaN]
[0.4625, 0.2638888888888889, 0, 2.369938169435569]
[0.03125, 0.06944444444444445, 0, 1.1200584304240826]
[NaN, NaN, NaN, NaN]
[NaN, NaN, NaN, NaN]
[0.48125, 0.24722222222222223, 0, 1.6327905194267003]
[0.48125, 0.24722222222222223, 0, 2.0737163997707837]
[0.48125, 0.24722222222222223, 0, 1.9969201357868485]
[0.03125, 0.06944444444444445, 0, 1.3372666493436713]
[0.03125, 0.06944444444444445, 0, 2.0387348135444077]
[0.4625, 0.2638888888888889, 0, 2.026093365888637]
[0.18125, 0.24722222222222223, 0, 1.2985375864661386]
[0.18125, 0.24722222222222223, 0, 1.3731087604921408]
[NaN, NaN, NaN, NaN]
[0.159375, 0.2916666666666667, 0, 1.1532718575925531]
[0.43125, 0.24722222222222223, 0, 1.4697875009369843]
[0.14375, 0.3194444444444444, 0, 1.2168061622399653]
[0.14375, 0.3194444444444444, 0, 1.3961187053803523]
[0.14375, 0.2916666666666667, 0, 1.442310597879681]
[0.14375, 0.2916666666666667, 0, 1.3012092405146598]
[0.14375, 0.3194444444444444, 0, 1.1844765220577491]
[0.14375, 0.3472222222222222, 0, 1.5252011414359374]
[0.14375, 0.3472222222222222, 0, 1.2981871097857571]
[0.14375, 0.3194444444444444, 0, 1.5349210681985992]
[0.14375, 0.3194444444444444, 0, 1.3431930204504399]
[0.14375, 0.3194444444444444, 0, 1.360193904633555]
[0.159375, 0.3472222222222222, 0, 1.2855077647992323]
[0.159375, 0.375, 0, 1.4197653983333276]
[0.159375, 0.375, 0, 1.451922748377556]
[0.14375, 0.3472222222222222, 0, 1.4368949334946934]
[0.14375, 0.4027777777777778, 0, 1.3036120541620224]
[0.1375, 0.3638888888888889, 0, 1.4717841741467805]
[0.121875, 0.41944444444444445, 0, 1.17342859667765]
[0.121875, 0.39166666666666666, 0, 1.553079279267707]
[0.10625, 0.44722222222222224, 0, 1.279220347584842]
[0.10625, 0.44722222222222224, 0, 1.4136860935069022]
[0.446875, 0.3472222222222222, 0, 1.8958359747268012]
[0.43125, 0.3472222222222222, 0, 1.763323490059321]
[0.43125, 0.3472222222222222, 0, 2.1464788574244205]
[0.078125, 0.44722222222222224, 0, 1.2488849294222502]
[0.43125, 0.3472222222222222, 0, 2.1450708162854526]
[0.43125, 0.3472222222222222, 0, 2.0930227258413754]
[0.1375, 0.39166666666666666, 0, 1.1008633748053511]
[NaN, NaN, NaN, NaN]
[0.121875, 0.41944444444444445, 0, 1.2325635705868447]
[NaN, NaN, NaN, NaN]
[NaN, NaN, NaN, NaN]
[NaN, NaN, NaN, NaN]
[NaN, NaN, NaN, NaN]
[NaN, NaN, NaN, NaN]
[NaN, NaN, NaN, NaN]
[NaN, NaN, NaN, NaN]
[NaN, NaN, NaN, NaN]
[NaN, NaN, NaN, NaN]
[NaN, NaN, NaN, NaN]
[0.4, 0.3194444444444444, 0, 2.0735789197348153]
[0.4, 0.3194444444444444, 0, 1.7138422878805224]
[NaN, NaN, NaN, NaN]
[NaN, NaN, NaN, NaN]
[NaN, NaN, NaN, NaN]
[NaN, NaN, NaN, NaN]
[NaN, NaN, NaN, NaN]
[NaN, NaN, NaN, NaN]
[NaN, NaN, NaN, NaN]
[0.4, 0.2638888888888889, 0, 1.7115802316769841]
[0.4, 0.2638888888888889, 0, 1.4549029787503527]
[0.4, 0.2361111111111111, 0, 1.4870957579497097]
[0.4, 0.2361111111111111, 0, 2.020066414780438]
[0.4, 0.2361111111111111, 0, 2.074744047761092]
[0.4, 0.2361111111111111, 0, 1.822944107277207]
[0.4, 0.2361111111111111, 0, 1.439536192516784]
[0.109375, 0.3194444444444444, 0, 1.113367869731341]
[0.03125, 0.375, 0, 1.5814251031581483]
[NaN, NaN, NaN, NaN]
[0.03125, 0.3638888888888889, 0, 1.1161008186466161]
[NaN, NaN, NaN, NaN]
[NaN, NaN, NaN, NaN]
[NaN, NaN, NaN, NaN]
[0.03125, 0.3472222222222222, 0, 1.2932403695724408]
[0.378125, 0.20833333333333334, 0, 1.2551778617720304]
[0.378125, 0.20833333333333334, 0, 1.6156896148734743]
[0.378125, 0.20833333333333334, 0, 1.6089999566663196]
[0.378125, 0.20833333333333334, 0, 1.3399281386634136]
[0.378125, 0.20833333333333334, 0, 1.5738044901657442]
[0.378125, 0.20833333333333334, 0, 1.8010871537643964]
[0.378125, 0.20833333333333334, 0, 1.646427927569185]
[0.378125, 0.20833333333333334, 0, 1.939235652418932]
[0.378125, 0.20833333333333334, 0, 1.8609006930766239]
[0.378125, 0.20833333333333334, 0, 1.5556681887313277]
[0.378125, 0.20833333333333334, 0, 1.4957377037044897]
[0.3625, 0.20833333333333334, 0, 1.6602833915450714]
[0.3625, 0.20833333333333334, 0, 1.8737049195291913]
[0.3625, 0.20833333333333334, 0, 2.278786428297668]
[0.3625, 0.20833333333333334, 0, 1.9949485575770074]
[0.3625, 0.2361111111111111, 0, 1.6405017211727015]
[0.346875, 0.20833333333333334, 0, 1.5499903459036692]
[0.346875, 0.20833333333333334, 0, 1.634509509348794]
[0.346875, 0.20833333333333334, 0, 2.26381853847694]
[0.346875, 0.20833333333333334, 0, 2.487456795841438]
[0.346875, 0.20833333333333334, 0, 2.34512398368885]
[0.346875, 0.20833333333333334, 0, 2.084651986612452]
[0.03125, 0.2638888888888889, 0, 1.2116184376559496]
[0.33125, 0.20833333333333334, 0, 1.8809564120221751]
[0.03125, 0.2638888888888889, 0, 1.131870516242214]
[0.31875, 0.20833333333333334, 0, 1.67059753052344]
[0.31875, 0.20833333333333334, 0, 1.5259334080490097]
[0.303125, 0.18055555555555555, 0, 1.8055131597183471]
[0.303125, 0.20833333333333334, 0, 2.0294664459056446]
[0.03125, 0.24722222222222223, 0, 1.5017390414054688]
[0.03125, 0.24722222222222223, 0, 1.5670146417439987]
[0.303125, 0.20833333333333334, 0, 1.3784701390608898]
[0.046875, 0.2361111111111111, 0, 1.2312917517016988]
[0.0625, 0.20833333333333334, 0, 1.493929763239253]
[0.078125, 0.20833333333333334, 0, 1.486688490711454]
[0.303125, 0.20833333333333334, 0, 1.3555274555415167]
[0.303125, 0.2361111111111111, 0, 1.3496119801561393]
[0.2875, 0.18055555555555555, 0, 1.47812761658341]
[0.271875, 0.20833333333333334, 0, 1.1285616821474633]
[NaN, NaN, NaN, NaN]
[0.25625, 0.20833333333333334, 0, 1.1094005096089876]
[NaN, NaN, NaN, NaN]
[NaN, NaN, NaN, NaN]
[NaN, NaN, NaN, NaN]
[NaN, NaN, NaN, NaN]
[0.121875, 0.125, 0, 1.1332408807339804]
[NaN, NaN, NaN, NaN]
[NaN, NaN, NaN, NaN]
[0.33125, 0.06944444444444445, 0, 1.2578273006177194]
[NaN, NaN, NaN, NaN]
[NaN, NaN, NaN, NaN]
[NaN, NaN, NaN, NaN]
[NaN, NaN, NaN, NaN]
[NaN, NaN, NaN, NaN]
[NaN, NaN, NaN, NaN]
[NaN, NaN, NaN, NaN]
[NaN, NaN, NaN, NaN]
[NaN, NaN, NaN, NaN]
[NaN, NaN, NaN, NaN]
[NaN, NaN, NaN, NaN]
[NaN, NaN, NaN, NaN]
[NaN, NaN, NaN, NaN]
[NaN, NaN, NaN, NaN]
[NaN, NaN, NaN, NaN]
[NaN, NaN, NaN, NaN]
[NaN, NaN, NaN, NaN]
[NaN, NaN, NaN, NaN]
[0.48125, 0.06944444444444445, 0, 1.1453198617438114]
[NaN, NaN, NaN, NaN]
[NaN, NaN, NaN, NaN]
[NaN, NaN, NaN, NaN]
[NaN, NaN, NaN, NaN]
[NaN, NaN, NaN, NaN]
[NaN, NaN, NaN, NaN]
[NaN, NaN, NaN, NaN]
[NaN, NaN, NaN, NaN]
[NaN, NaN, NaN, NaN]
[NaN, NaN, NaN, NaN]
[NaN, NaN, NaN, NaN]
[NaN, NaN, NaN, NaN]
[NaN, NaN, NaN, NaN]
[NaN, NaN, NaN, NaN]
[NaN, NaN, NaN, NaN]
[NaN, NaN, NaN, NaN]
[NaN, NaN, NaN, NaN]
[NaN, NaN, NaN, NaN]
[NaN, NaN, NaN, NaN]
[NaN, NaN, NaN, NaN]
[NaN, NaN, NaN, NaN]
[0.48125, 0.06944444444444445, 0, 1.4105170913298422]
[NaN, NaN, NaN, NaN]
[NaN, NaN, NaN, NaN]
[NaN, NaN, NaN, NaN]
[NaN, NaN, NaN, NaN]
[NaN, NaN, NaN, NaN]
[NaN, NaN, NaN, NaN]
[NaN, NaN, NaN, NaN]
[NaN, NaN, NaN, NaN]
[NaN, NaN, NaN, NaN]
[NaN, NaN, NaN, NaN]
[NaN, NaN, NaN, NaN]
[NaN, NaN, NaN, NaN]
[NaN, NaN, NaN, NaN]
[NaN, NaN, NaN, NaN]
[NaN, NaN, NaN, NaN]
[NaN, NaN, NaN, NaN]
[NaN, NaN, NaN, NaN]
[NaN, NaN, NaN, NaN]
[NaN, NaN, NaN, NaN]
[NaN, NaN, NaN, NaN]
[NaN, NaN, NaN, NaN]
[NaN, NaN, NaN, NaN]
[NaN, NaN, NaN, NaN]
[NaN, NaN, NaN, NaN]
[NaN, NaN, NaN, NaN]
[NaN, NaN, NaN, NaN]
[NaN, NaN, NaN, NaN]
[NaN, NaN, NaN, NaN]
[NaN, NaN, NaN, NaN]
[NaN, NaN, NaN, NaN]
[NaN, NaN, NaN, NaN]
[NaN, NaN, NaN, NaN]
[NaN, NaN, NaN, NaN]
[NaN, NaN, NaN, NaN]
[NaN, NaN, NaN, NaN]
[NaN, NaN, NaN, NaN]
[NaN, NaN, NaN, NaN]
[NaN, NaN, NaN, NaN]
[NaN, NaN, NaN, NaN]
[NaN, NaN, NaN, NaN]
[NaN, NaN, NaN, NaN]
[NaN, NaN, NaN, NaN]
[NaN, NaN, NaN, NaN]
[NaN, NaN, NaN, NaN]
[NaN, NaN, NaN, NaN]
[NaN, NaN, NaN, NaN]
[NaN, NaN, NaN, NaN]
[NaN, NaN, NaN, NaN]
[NaN, NaN, NaN, NaN]
[NaN, NaN, NaN, NaN]
[NaN, NaN, NaN, NaN]
[0.33125, 0.06944444444444445, 0, 1.1690989958612086]
[NaN, NaN, NaN, NaN]
[NaN, NaN, NaN, NaN]
[NaN, NaN, NaN, NaN]
[NaN, NaN, NaN, NaN]
[NaN, NaN, NaN, NaN]
[NaN, NaN, NaN, NaN]
[NaN, NaN, NaN, NaN]
[NaN, NaN, NaN, NaN]
[0.33125, 0.06944444444444445, 0, 1.168190251308805]
[NaN, NaN, NaN, NaN]
[NaN, NaN, NaN, NaN]
[NaN, NaN, NaN, NaN]
[0.28125, 0.06944444444444445, 0, 1.5143013772995186]
[0.28125, 0.06944444444444445, 0, 1.5700981171475978]
[0.271875, 0.06944444444444445, 0, 1.891288055175462]
[0.271875, 0.06944444444444445, 0, 1.5164210726031409]
[0.271875, 0.06944444444444445, 0, 1.593846482217232]
[NaN, NaN, NaN, NaN]
[0.28125, 0.06944444444444445, 0, 1.3708400393198554]
[0.28125, 0.06944444444444445, 0, 2.1465398439102876]
[0.28125, 0.06944444444444445, 0, 1.9877113012593852]
[0.28125, 0.06944444444444445, 0, 1.6824407976715248]
[0.28125, 0.06944444444444445, 0, 1.1716427068625372]
[NaN, NaN, NaN, NaN]
[NaN, NaN, NaN, NaN]
[NaN, NaN, NaN, NaN]
[NaN, NaN, NaN, NaN]
[NaN, NaN, NaN, NaN]
[NaN, NaN, NaN, NaN]
[0.33125, 0.06944444444444445, 0, 1.1085252465121551]
[0.33125, 0.06944444444444445, 0, 1.1458417259985154]
[NaN, NaN, NaN, NaN]
[NaN, NaN, NaN, NaN]
[NaN, NaN, NaN, NaN]
[NaN, NaN, NaN, NaN]
[NaN, NaN, NaN, NaN]
[NaN, NaN, NaN, NaN]
[NaN, NaN, NaN, NaN]
[NaN, NaN, NaN, NaN]
[NaN, NaN, NaN, NaN]
[NaN, NaN, NaN, NaN]
[NaN, NaN, NaN, NaN]
[NaN, NaN, NaN, NaN]
[NaN, NaN, NaN, NaN]
[NaN, NaN, NaN, NaN]
[NaN, NaN, NaN, NaN]
[NaN, NaN, NaN, NaN]
[NaN, NaN, NaN, NaN]
[NaN, NaN, NaN, NaN]
[NaN, NaN, NaN, NaN]
[NaN, NaN, NaN, NaN]
[NaN, NaN, NaN, NaN]
[NaN, NaN, NaN, NaN]
[NaN, NaN, NaN, NaN]
[NaN, NaN, NaN, NaN]
[NaN, NaN, NaN, NaN]
[NaN, NaN, NaN, NaN]
[NaN, NaN, NaN, NaN]
[NaN, NaN, NaN, NaN]
[NaN, NaN, NaN, NaN]
[NaN, NaN, NaN, NaN]
[NaN, NaN, NaN, NaN]
[NaN, NaN, NaN, NaN]
[NaN, NaN, NaN, NaN]
[NaN, NaN, NaN, NaN]
[NaN, NaN, NaN, NaN]
[NaN, NaN, NaN, NaN]
[NaN, NaN, NaN, NaN]
[NaN, NaN, NaN, NaN]
[NaN, NaN, NaN, NaN]
[NaN, NaN, NaN, NaN]
[NaN, NaN, NaN, NaN]
[NaN, NaN, NaN, NaN]
[NaN, NaN, NaN, NaN]
[NaN, NaN, NaN, NaN]
[NaN, NaN, NaN, NaN]
[NaN, NaN, NaN, NaN]
[NaN, NaN, NaN, NaN]
[NaN, NaN, NaN, NaN]
[NaN, NaN, NaN, NaN]
[NaN, NaN, NaN, NaN]
[NaN, NaN, NaN, NaN]
[NaN, NaN, NaN, NaN]
[NaN, NaN, NaN, NaN]
[NaN, NaN, NaN, NaN]
[NaN, NaN, NaN, NaN]
[NaN, NaN, NaN, NaN]
[NaN, NaN, NaN, NaN]
[NaN, NaN, NaN, NaN]
[NaN, NaN, NaN, NaN]
[NaN, NaN, NaN, NaN]
[NaN, NaN, NaN, NaN]
[NaN, NaN, NaN, NaN]
[NaN, NaN, NaN, NaN]
[NaN, NaN, NaN, NaN]
[NaN, NaN, NaN, NaN]
[NaN, NaN, NaN, NaN]
[NaN, NaN, NaN, NaN]
[NaN, NaN, NaN, NaN]
[NaN, NaN, NaN, NaN]
[0.38125, 0.06944444444444445, 0, 1.1068896915675315]
[NaN, NaN, NaN, NaN]
[NaN, NaN, NaN, NaN]
[NaN, NaN, NaN, NaN]
[NaN, NaN, NaN, NaN]
[NaN, NaN, NaN, NaN]
[NaN, NaN, NaN, NaN]
[0.40625, 0.06944444444444445, 0, 1.8434713896625465]
[0.421875, 0.06944444444444445, 0, 1.5975719882015167]
[0.421875, 0.06944444444444445, 0, 1.5661745599580132]
[0.43125, 0.06944444444444445, 0, 1.2887595967001135]
[NaN, NaN, NaN, NaN]
[NaN, NaN, NaN, NaN]
[0.453125, 0.09722222222222222, 0, 1.2705690643934546]
[0.453125, 0.125, 0, 1.1876520388401184]
[NaN, NaN, NaN, NaN]
[NaN, NaN, NaN, NaN]
[NaN, NaN, NaN, NaN]
[NaN, NaN, NaN, NaN]
[0.453125, 0.18055555555555555, 0, 1.260510839262205]
[0.43125, 0.18055555555555555, 0, 1.3506171763429464]
[NaN, NaN, NaN, NaN]
[0.378125, 0.18055555555555555, 0, 1.8963966720164855]
[0.3625, 0.18055555555555555, 0, 1.1193226307294766]
[0.334375, 0.20833333333333334, 0, 1.325708130868806]
[NaN, NaN, NaN, NaN]
[0.31875, 0.2361111111111111, 0, 1.207821286759359]
[0.31875, 0.20833333333333334, 0, 1.1813583792427789]
[NaN, NaN, NaN, NaN]
[0.334375, 0.20833333333333334, 0, 1.1985596633943851]
[0.334375, 0.20833333333333334, 0, 1.7318216722293014]
[0.334375, 0.20833333333333334, 0, 1.803820028521235]
[0.334375, 0.20833333333333334, 0, 1.4324075906360414]
[0.334375, 0.2361111111111111, 0, 1.3365033439503653]
[0.31875, 0.20833333333333334, 0, 1.1501213978398541]
[0.303125, 0.20833333333333334, 0, 1.2123155329853632]
[0.2875, 0.20833333333333334, 0, 1.1176262578289473]
[NaN, NaN, NaN, NaN]
[0.26875, 0.2916666666666667, 0, 1.4716591838030724]
[NaN, NaN, NaN, NaN]
[NaN, NaN, NaN, NaN]
[NaN, NaN, NaN, NaN]
[0.196875, 0.20833333333333334, 0, 1.2339370835943522]
[0.190625, 0.20833333333333334, 0, 1.254042883387188]
[0.221875, 0.2916666666666667, 0, 1.1104841335942908]
[0.2375, 0.2916666666666667, 0, 1.1201633456782747]
[0.221875, 0.18055555555555555, 0, 1.1313724510524314]
[NaN, NaN, NaN, NaN]
[NaN, NaN, NaN, NaN]
[NaN, NaN, NaN, NaN]
[NaN, NaN, NaN, NaN]
[0.25625, 0.125, 0, 1.23698382969045]
[0.271875, 0.125, 0, 1.1624833212267214]
[NaN, NaN, NaN, NaN]
[0.2875, 0.125, 0, 1.2982397326385953]
[NaN, NaN, NaN, NaN]
[0.303125, 0.09722222222222222, 0, 1.5921823297604993]
[NaN, NaN, NaN, NaN]
[NaN, NaN, NaN, NaN]
[NaN, NaN, NaN, NaN]
[NaN, NaN, NaN, NaN]
[NaN, NaN, NaN, NaN]
[0.346875, 0.09722222222222222, 0, 1.2116295540777038]
[0.346875, 0.09722222222222222, 0, 1.3192885489651103]
[NaN, NaN, NaN, NaN]
[0.3625, 0.09722222222222222, 0, 1.2881305132568703]
[NaN, NaN, NaN, NaN]
[0.378125, 0.125, 0, 1.2030339878633705]
[NaN, NaN, NaN, NaN]
[NaN, NaN, NaN, NaN]
[NaN, NaN, NaN, NaN]
[NaN, NaN, NaN, NaN]
[NaN, NaN, NaN, NaN]
[NaN, NaN, NaN, NaN]
[NaN, NaN, NaN, NaN]
[NaN, NaN, NaN, NaN]
[0.378125, 0.1527777777777778, 0, 1.1808585687334638]
[NaN, NaN, NaN, NaN]
[0.346875, 0.18055555555555555, 0, 1.2928356937079826]
[NaN, NaN, NaN, NaN]
[0.334375, 0.20833333333333334, 0, 1.145499917107557]
[0.334375, 0.20833333333333334, 0, 1.2335697367117968]
[0.334375, 0.20833333333333334, 0, 1.418616184856282]
[0.334375, 0.20833333333333334, 0, 1.3432493395424026]
[NaN, NaN, NaN, NaN]
[NaN, NaN, NaN, NaN]
[0.346875, 0.20833333333333334, 0, 1.3688527458809163]
[0.346875, 0.20833333333333334, 0, 1.1926075251699069]
[0.35, 0.20833333333333334, 0, 1.1047266969756404]
[NaN, NaN, NaN, NaN]
[NaN, NaN, NaN, NaN]
[NaN, NaN, NaN, NaN]
[NaN, NaN, NaN, NaN]
[0.3625, 0.18055555555555555, 0, 1.2006333107333227]
[0.3625, 0.18055555555555555, 0, 1.2038821450752921]
[0.3625, 0.18055555555555555, 0, 1.1258964699583032]
[0.3625, 0.18055555555555555, 0, 1.1154979095184319]
[NaN, NaN, NaN, NaN]
[NaN, NaN, NaN, NaN]
[NaN, NaN, NaN, NaN]
[NaN, NaN, NaN, NaN]
[NaN, NaN, NaN, NaN]
[NaN, NaN, NaN, NaN]
[NaN, NaN, NaN, NaN]
[NaN, NaN, NaN, NaN]
[0.384375, 0.2361111111111111, 0, 1.1376014355655097]
[0.38125, 0.24722222222222223, 0, 1.3392398465723574]
[0.38125, 0.24722222222222223, 0, 1.1541705319502842]
[0.384375, 0.2361111111111111, 0, 1.701696368037412]
[0.384375, 0.2361111111111111, 0, 1.562075066191649]
[0.384375, 0.2361111111111111, 0, 1.3806812261894592]
[0.384375, 0.2638888888888889, 0, 1.128002432898356]
[NaN, NaN, NaN, NaN]
[NaN, NaN, NaN, NaN]
[NaN, NaN, NaN, NaN]
[NaN, NaN, NaN, NaN]
[NaN, NaN, NaN, NaN]
[NaN, NaN, NaN, NaN]
[0.384375, 0.2916666666666667, 0, 1.2362675093782645]
[NaN, NaN, NaN, NaN]
[NaN, NaN, NaN, NaN]
[0.4, 0.2916666666666667, 0, 1.4350205340371807]
[0.4, 0.2916666666666667, 0, 1.608926826515518]
[NaN, NaN, NaN, NaN]
[NaN, NaN, NaN, NaN]
[0.415625, 0.2916666666666667, 0, 1.4648872342993065]
[0.415625, 0.2916666666666667, 0, 1.3642268681536065]
[0.415625, 0.2916666666666667, 0, 1.3014571423981032]
[0.415625, 0.2916666666666667, 0, 1.3257366220996456]
[NaN, NaN, NaN, NaN]
[0.43125, 0.2916666666666667, 0, 1.136849815042806]
[0.43125, 0.2916666666666667, 0, 1.5441632649322827]
[0.43125, 0.2916666666666667, 0, 1.4091428852562984]
[NaN, NaN, NaN, NaN]
[0.446875, 0.2916666666666667, 0, 1.2220914705090293]
[0.446875, 0.2916666666666667, 0, 1.3035706984712196]
[0.446875, 0.2916666666666667, 0, 1.1518626451405227]
[NaN, NaN, NaN, NaN]
[0.43125, 0.3194444444444444, 0, 1.1917282389304054]
[NaN, NaN, NaN, NaN]
[NaN, NaN, NaN, NaN]
[NaN, NaN, NaN, NaN]
[0.378125, 0.475, 0, 1.2329319608486708]
[NaN, NaN, NaN, NaN]
[0.35, 0.5138888888888888, 0, 1.2351708290959218]
[NaN, NaN, NaN, NaN]
[0.334375, 0.375, 0, 1.1120379058117094]
[0.378125, 0.3638888888888889, 0, 1.1256428395921447]
[0.346875, 0.3638888888888889, 0, 1.2818031064593658]
[NaN, NaN, NaN, NaN]
[0.3625, 0.3638888888888889, 0, 1.1348448093668897]
[NaN, NaN, NaN, NaN]
[NaN, NaN, NaN, NaN]
[NaN, NaN, NaN, NaN]
[0.384375, 0.3472222222222222, 0, 1.1118993081846051]
[0.4, 0.3194444444444444, 0, 1.2005408350202922]
[NaN, NaN, NaN, NaN]
[NaN, NaN, NaN, NaN]
[NaN, NaN, NaN, NaN]
[NaN, NaN, NaN, NaN]
[NaN, NaN, NaN, NaN]
[NaN, NaN, NaN, NaN]
[NaN, NaN, NaN, NaN]
[NaN, NaN, NaN, NaN]
[NaN, NaN, NaN, NaN]
[NaN, NaN, NaN, NaN]
[NaN, NaN, NaN, NaN]
[NaN, NaN, NaN, NaN]
[NaN, NaN, NaN, NaN]
[NaN, NaN, NaN, NaN]
[NaN, NaN, NaN, NaN]
[0.421875, 0.125, 0, 1.2555062494043292]
[0.43125, 0.125, 0, 1.1381200849345467]
[NaN, NaN, NaN, NaN]
[0.43125, 0.2916666666666667, 0, 1.403944332406362]
[0.421875, 0.18055555555555555, 0, 1.2960416967588333]
[0.415625, 0.18055555555555555, 0, 1.144541375924769]
[NaN, NaN, NaN, NaN]
[NaN, NaN, NaN, NaN]
[0.35, 0.1527777777777778, 0, 1.168523758953672]
[NaN, NaN, NaN, NaN]
[NaN, NaN, NaN, NaN]
[0.2875, 0.1527777777777778, 0, 1.1255669540667967]
[NaN, NaN, NaN, NaN]
[NaN, NaN, NaN, NaN]
[NaN, NaN, NaN, NaN]
[0.303125, 0.2638888888888889, 0, 1.1791194881503704]
[0.303125, 0.2361111111111111, 0, 1.286185525289259]
[NaN, NaN, NaN, NaN]
[NaN, NaN, NaN, NaN]
[NaN, NaN, NaN, NaN]
[NaN, NaN, NaN, NaN]
[0.33125, 0.125, 0, 1.3007642570304299]
[0.346875, 0.125, 0, 1.1611489283680252]
[0.346875, 0.09722222222222222, 0, 1.3518484410840215]
[NaN, NaN, NaN, NaN]
[0.3625, 0.09722222222222222, 0, 1.144557281199964]
[NaN, NaN, NaN, NaN]
[NaN, NaN, NaN, NaN]
[NaN, NaN, NaN, NaN]
[NaN, NaN, NaN, NaN]
[NaN, NaN, NaN, NaN]
[0.40625, 0.125, 0, 1.5877757089501212]
[0.421875, 0.125, 0, 1.6001123180541126]
[0.421875, 0.1527777777777778, 0, 1.9023319734201165]
[0.4375, 0.1527777777777778, 0, 1.4723587469593464]
[0.4375, 0.1527777777777778, 0, 1.7443660888575903]
[0.453125, 0.1527777777777778, 0, 1.5498536798129237]
[0.453125, 0.1527777777777778, 0, 1.624015626808581]
[0.4625, 0.1527777777777778, 0, 1.4004882138304686]
[NaN, NaN, NaN, NaN]
[0.478125, 0.20833333333333334, 0, 1.166809278973804]
[NaN, NaN, NaN, NaN]
[0.4625, 0.2361111111111111, 0, 1.1118235852991356]
[0.446875, 0.2361111111111111, 0, 1.3985517065298447]
[0.43125, 0.2361111111111111, 0, 1.5097165630999554]
[0.4, 0.2361111111111111, 0, 1.4048702775269406]
[0.38125, 0.24722222222222223, 0, 1.2829975596916536]
[0.365625, 0.2638888888888889, 0, 1.2015863093981407]
[0.334375, 0.2916666666666667, 0, 1.3952078116851598]
[0.31875, 0.3194444444444444, 0, 1.4607015254084807]
[0.303125, 0.3194444444444444, 0, 1.2762548230844037]
[0.303125, 0.3194444444444444, 0, 1.37370759481294]
[0.31875, 0.4027777777777778, 0, 1.1699550218058061]
[NaN, NaN, NaN, NaN]
[0.31875, 0.3472222222222222, 0, 1.1925112532732116]
[0.31875, 0.3472222222222222, 0, 1.5377650048994083]
[0.31875, 0.3472222222222222, 0, 1.445955087101838]
[0.334375, 0.3472222222222222, 0, 1.4450318411872678]
[0.334375, 0.3472222222222222, 0, 1.866373572326206]
[0.334375, 0.3472222222222222, 0, 1.6215878560191184]
[0.346875, 0.33611111111111114, 0, 1.6522989139505408]
[0.35, 0.3472222222222222, 0, 1.5042281573890925]
[0.3625, 0.3638888888888889, 0, 1.5942895177463012]
[0.3625, 0.3638888888888889, 0, 1.700980970978878]
[0.378125, 0.3638888888888889, 0, 1.666810468572485]
[0.378125, 0.3638888888888889, 0, 1.8634475705431603]
[NaN, NaN, NaN, NaN]
[NaN, NaN, NaN, NaN]
[0.40625, 0.39166666666666666, 0, 1.708492741858873]
[0.40625, 0.39166666666666666, 0, 1.258202637429957]
[0.415625, 0.4027777777777778, 0, 1.3098950568131993]
[0.4375, 0.39166666666666666, 0, 1.7266636401245454]
[0.4375, 0.41944444444444445, 0, 1.9367163291396425]
[0.453125, 0.41944444444444445, 0, 1.8554216107080153]
[0.48125, 0.425, 0, 1.193497527771786]
[0.48125, 0.425, 0, 1.998111305602493]
[0.48125, 0.44722222222222224, 0, 1.9884108883748512]
[0.496875, 0.44722222222222224, 0, 1.9675036496230465]
[0.5125, 0.475, 0, 1.846270671655977]
[0.5125, 0.475, 0, 2.098023809728607]
[0.528125, 0.475, 0, 2.115935685859658]
[NaN, NaN, NaN, NaN]
[NaN, NaN, NaN, NaN]
[NaN, NaN, NaN, NaN]
[NaN, NaN, NaN, NaN]
[NaN, NaN, NaN, NaN]
[0.53125, 0.6027777777777777, 0, 1.4595581364532382]
[0.53125, 0.6027777777777777, 0, 2.1819440574834843]
[NaN, NaN, NaN, NaN]
[NaN, NaN, NaN, NaN]
[0.48125, 0.6027777777777777, 0, 2.1134191782652367]
[NaN, NaN, NaN, NaN]
[NaN, NaN, NaN, NaN]
[0.43125, 0.6027777777777777, 0, 2.444101163979375]
[0.43125, 0.6027777777777777, 0, 1.3134049599458504]
[NaN, NaN, NaN, NaN]
[NaN, NaN, NaN, NaN]
[0.43125, 0.6027777777777777, 0, 1.1386630467220054]
[0.43125, 0.6027777777777777, 0, 1.5453205941197545]
[0.43125, 0.6027777777777777, 0, 1.5263337757699749]
[NaN, NaN, NaN, NaN]
[NaN, NaN, NaN, NaN]
[NaN, NaN, NaN, NaN]
[NaN, NaN, NaN, NaN]
[0.453125, 0.475, 0, 2.274506261283748]
[NaN, NaN, NaN, NaN]
[NaN, NaN, NaN, NaN]
[NaN, NaN, NaN, NaN]
[0.48125, 0.425, 0, 1.2638968238256933]
[0.48125, 0.425, 0, 1.2346274843205867]
[0.4625, 0.4027777777777778, 0, 2.5041886942425036]
[0.4625, 0.375, 0, 2.6975313158598118]
[0.453125, 0.39166666666666666, 0, 2.673476671092711]
[0.453125, 0.3638888888888889, 0, 2.881876519820263]
[0.446875, 0.3472222222222222, 0, 2.6062011819252167]
[0.4375, 0.39166666666666666, 0, 2.7355894805922816]
[0.4375, 0.33611111111111114, 0, 2.695782080950301]
[0.4375, 0.3638888888888889, 0, 2.6796040541426756]
[0.4375, 0.3638888888888889, 0, 2.653421796132707]
[0.4375, 0.3638888888888889, 0, 2.535246005993497]
[0.446875, 0.375, 0, 2.1529077373789605]
[0.446875, 0.375, 0, 2.4988096819263625]
[0.4625, 0.3472222222222222, 0, 2.9231229202379456]
[0.4625, 0.3472222222222222, 0, 2.790003455000435]
[0.4625, 0.375, 0, 2.6113518702874963]
[0.4625, 0.375, 0, 2.488357045399667]
[0.4625, 0.375, 0, 2.2743159957346584]
[NaN, NaN, NaN, NaN]
[NaN, NaN, NaN, NaN]
[NaN, NaN, NaN, NaN]
[NaN, NaN, NaN, NaN]
[0.4625, 0.375, 0, 2.78421247181628]
[0.453125, 0.39166666666666666, 0, 2.6553087953137084]
[0.446875, 0.4027777777777778, 0, 2.652213222936223]
[0.453125, 0.39166666666666666, 0, 2.8388100358333395]
[0.453125, 0.39166666666666666, 0, 3.0574324014939025]
[0.453125, 0.39166666666666666, 0, 2.7719734575873414]
[0.453125, 0.41944444444444445, 0, 2.573755040645553]
[0.453125, 0.41944444444444445, 0, 2.401905090112074]
[0.453125, 0.41944444444444445, 0, 2.2185907992136276]
[0.4625, 0.4305555555555556, 0, 2.6731232779840424]
[0.48125, 0.425, 0, 2.1423588787754366]
[0.48125, 0.425, 0, 2.606818860337105]
[0.48125, 0.425, 0, 2.7411295087732888]
[0.48125, 0.425, 0, 2.394414639504758]
[0.48125, 0.44722222222222224, 0, 2.877223843872456]
[0.496875, 0.44722222222222224, 0, 2.4195668301651154]
[0.496875, 0.475, 0, 2.933765701245746]
[0.496875, 0.475, 0, 2.605490574740653]
[0.5125, 0.475, 0, 2.7775535204628947]
[0.5125, 0.5027777777777778, 0, 2.233322634929689]
[0.5125, 0.5027777777777778, 0, 2.2352423926885776]
[0.5125, 0.5027777777777778, 0, 2.7043176212203317]
[0.528125, 0.5027777777777778, 0, 2.2286904072141747]
[0.528125, 0.5027777777777778, 0, 2.808907481372341]
[NaN, NaN, NaN, NaN]
[NaN, NaN, NaN, NaN]
[NaN, NaN, NaN, NaN]
[NaN, NaN, NaN, NaN]
[NaN, NaN, NaN, NaN]
[NaN, NaN, NaN, NaN]
[NaN, NaN, NaN, NaN]
[NaN, NaN, NaN, NaN]
[NaN, NaN, NaN, NaN]
[NaN, NaN, NaN, NaN]
[NaN, NaN, NaN, NaN]
[NaN, NaN, NaN, NaN]
[NaN, NaN, NaN, NaN]
[NaN, NaN, NaN, NaN]
[NaN, NaN, NaN, NaN]
[NaN, NaN, NaN, NaN]
[NaN, NaN, NaN, NaN]
[NaN, NaN, NaN, NaN]
[NaN, NaN, NaN, NaN]
[NaN, NaN, NaN, NaN]
[0.378125, 0.5027777777777778, 0, 2.537275977658515]
[0.378125, 0.5027777777777778, 0, 2.760844363940328]
[0.378125, 0.5027777777777778, 0, 2.9950493443537622]
[0.378125, 0.475, 0, 2.6970841539553274]
[0.378125, 0.475, 0, 3.261155787959375]
[0.378125, 0.475, 0, 2.9183836098338705]
[0.378125, 0.475, 0, 3.030755826724515]
[0.378125, 0.475, 0, 2.666011998151241]
[0.38125, 0.425, 0, 1.6099470049440445]
[0.38125, 0.425, 0, 1.6998768741312322]
[0.38125, 0.425, 0, 1.5767440366870538]
[0.38125, 0.425, 0, 1.713754445931775]
[0.38125, 0.425, 0, 1.572210055376662]
[0.38125, 0.425, 0, 1.1806574952584081]
[NaN, NaN, NaN, NaN]
[NaN, NaN, NaN, NaN]
[0.40625, 0.41944444444444445, 0, 2.4563661336949867]
[NaN, NaN, NaN, NaN]
[0.40625, 0.41944444444444445, 0, 2.975767481832353]
[0.40625, 0.41944444444444445, 0, 2.856552180689892]
[0.40625, 0.41944444444444445, 0, 2.8727649104347965]
[0.40625, 0.41944444444444445, 0, 2.6118278732929037]
[0.40625, 0.41944444444444445, 0, 2.570096665736547]
[0.421875, 0.41944444444444445, 0, 2.4925586364895276]
[0.421875, 0.41944444444444445, 0, 2.6096981390610217]
[0.421875, 0.41944444444444445, 0, 2.813343799091502]
[0.421875, 0.41944444444444445, 0, 2.7013971817400693]
[0.421875, 0.41944444444444445, 0, 2.840522665782525]
[0.43125, 0.425, 0, 2.5223940571347687]
[0.43125, 0.425, 0, 2.768873402434311]
[0.43125, 0.425, 0, 2.707867381621911]
[0.43125, 0.4027777777777778, 0, 2.6612013837108806]
[0.4375, 0.41944444444444445, 0, 2.9096409088247746]
[0.4375, 0.41944444444444445, 0, 2.8693226356196555]
[0.4375, 0.41944444444444445, 0, 2.6175679717845877]
[0.4375, 0.41944444444444445, 0, 2.150915422573111]
[0.446875, 0.4027777777777778, 0, 2.780984755496559]
[0.446875, 0.4027777777777778, 0, 2.727926382687983]
[0.446875, 0.4027777777777778, 0, 2.521075044539822]
[0.453125, 0.39166666666666666, 0, 2.310442803537809]
[0.453125, 0.39166666666666666, 0, 2.622011652577661]
[0.453125, 0.39166666666666666, 0, 2.3424030083884504]
[0.4625, 0.4027777777777778, 0, 2.407693429657159]
[0.453125, 0.39166666666666666, 0, 1.9749647667510264]
[0.4625, 0.4027777777777778, 0, 2.2483372772986994]
[0.453125, 0.39166666666666666, 0, 1.9016152021850108]
[NaN, NaN, NaN, NaN]
[NaN, NaN, NaN, NaN]
[NaN, NaN, NaN, NaN]
[NaN, NaN, NaN, NaN]
[NaN, NaN, NaN, NaN]
[NaN, NaN, NaN, NaN]
[NaN, NaN, NaN, NaN]
[0.48125, 0.3638888888888889, 0, 2.1107035905189955]
[0.48125, 0.3638888888888889, 0, 2.141209554527655]
[0.48125, 0.3638888888888889, 0, 2.123425049318128]
[0.48125, 0.3638888888888889, 0, 2.408689789195606]
[0.48125, 0.3638888888888889, 0, 2.470968860459815]
[NaN, NaN, NaN, NaN]
[0.48125, 0.3638888888888889, 0, 2.369475274901735]
[NaN, NaN, NaN, NaN]
[NaN, NaN, NaN, NaN]
[NaN, NaN, NaN, NaN]
[0.48125, 0.33611111111111114, 0, 2.4082035582342844]
[NaN, NaN, NaN, NaN]
[NaN, NaN, NaN, NaN]
[NaN, NaN, NaN, NaN]
[NaN, NaN, NaN, NaN]
[NaN, NaN, NaN, NaN]
[NaN, NaN, NaN, NaN]
[NaN, NaN, NaN, NaN]
[NaN, NaN, NaN, NaN]
[NaN, NaN, NaN, NaN]
[NaN, NaN, NaN, NaN]
[NaN, NaN, NaN, NaN]
[0.48125, 0.24722222222222223, 0, 1.1219803233246979]
[0.48125, 0.24722222222222223, 0, 1.2758893787038874]
[0.48125, 0.24722222222222223, 0, 1.191470018549756]
[0.48125, 0.24722222222222223, 0, 1.7237558581449617]
[0.48125, 0.24722222222222223, 0, 1.618152241998028]
[0.48125, 0.24722222222222223, 0, 1.6341240803946284]
[0.48125, 0.24722222222222223, 0, 1.4728878046325535]
[0.48125, 0.24722222222222223, 0, 1.636167239253908]
[0.48125, 0.24722222222222223, 0, 1.702999979802868]
[0.48125, 0.24722222222222223, 0, 1.5943757442754707]
[0.48125, 0.24722222222222223, 0, 1.5159301154874105]
[0.48125, 0.24722222222222223, 0, 1.2453227922781442]
[NaN, NaN, NaN, NaN]
[NaN, NaN, NaN, NaN]
[NaN, NaN, NaN, NaN]
[NaN, NaN, NaN, NaN]
[NaN, NaN, NaN, NaN]
[NaN, NaN, NaN, NaN]
